0 0.7462529550827424 0.15157563025210086 0.03893617021276602 0.11739495798319327
0 0.7025295508274232 0.1515546218487395 0.03419621749408991 0.12159663865546218
0 0.6339716312056737 0.163109243697479 0.03182033096926722 0.12789915966386553
0 0.5902364066193854 0.16626050420168068 0.03417257683215126 0.12579831932773108
0 0.5482860520094562 0.17151260504201682 0.03299054373522455 0.11949579831932772
0 0.5039598108747045 0.16626050420168068 0.034160756501182006 0.12579831932773108
0 0.4661347517730497 0.1788655462184874 0.03179669030732858 0.12579831932773108
0 0.39640661938534283 0.17884453781512605 0.036513002364066315 0.1342016806722689
0 0.3485342789598109 0.18409663865546216 0.030591016548463485 0.13210084033613445
0 0.2988888888888889 0.17989495798319327 0.03294326241134739 0.14050420168067226
0 0.21674940898345155 0.17569327731092435 0.04120567375886513 0.13632352941176468
0 0.17537825059101655 0.17149159663865546 0.03646572104018902 0.1447268907563025
0 0.13520094562647753 0.17779411764705882 0.029373522458628735 0.12792016806722686
0 0.09382978723404255 0.19144957983193275 0.03408983451536633 0.1216176470588235
0 0.05423167848699763 0.18409663865546216 0.04236406619385333 0.13632352941176468
0 0.8018085106382979 0.3657983193277311 0.08385342789598116 0.06684873949579831
0 0.5949645390070921 0.35632352941176476 0.038900709219858116 0.13197478991596637
0 0.5606973995271868 0.35422268907563026 0.03417257683215126 0.12777310924369747
0 0.516371158392435 0.35632352941176476 0.03534278959810872 0.12359243697478989
0 0.4720449172576832 0.36577731092436977 0.034160756501182006 0.12987394957983192
0 0.39167848699763597 0.3815126050420168 0.04122931442080391 0.1361764705882353
0 0.34912529550827426 0.3699579831932773 0.038865248226950484 0.12569327731092433
0 0.3071631205673759 0.3626050420168067 0.03767139479905424 0.12779411764705878
0 0.26225768321513004 0.3626260504201681 0.03057919621749396 0.12779411764705878
0 0.2214775413711584 0.36472689075630255 0.03411347517730485 0.12359243697478989
0 0.18247044917257685 0.3626050420168067 0.03882978723404244 0.13201680672268903
0 0.14052009456264775 0.37521008403361344 0.04237588652482259 0.12361344537815121
0 0.015366430260047281 0.3802521008403361 0.030732860520094562 0.12184873949579832
0 0.8130378250591017 0.6734663865546219 0.033026004728132455 0.12338235294117651
0 0.8171749408983452 0.8078781512605042 0.034208037825059164 0.12329831932773097
0 0.7314775413711584 0.665063025210084 0.035378250591016625 0.13598739495798323
0 0.6493380614657209 0.6881512605042017 0.034184397163120654 0.11077731092436979
0 0.692482269503546 0.8299159663865546 0.03300236406619394 0.12960084033613434
0 0.6032387706855792 0.6902521008403362 0.03653664302600469 0.1191806722689076
0 0.5636524822695036 0.6944537815126051 0.028262411347517693 0.11077731092436979
0 0.6505200945626477 0.8141806722689076 0.03182033096926722 0.12329831932773097
0 0.6091489361702127 0.8215126050420168 0.038900709219858054 0.13380252100840323
0 0.5654255319148936 0.8257352941176471 0.03653664302600469 0.12539915966386542
0 0.48268321513002366 0.665063025210084 0.03414893617021275 0.13598739495798323
0 0.4419148936170213 0.6283193277310924 0.032966903073286036 0.13808823529411768
0 0.3999527186761229 0.6944747899159663 0.03650118203309705 0.13598739495798323
0 0.48268321513002366 0.8257352941176471 0.036513002364066176 0.12539915966386542
0 0.443096926713948 0.8225840336134455 0.04478723404255318 0.1401050420168066
0 0.35562647754137117 0.708109243697479 0.0400472813238772 0.12128151260504205
0 0.3178014184397163 0.6955042016806723 0.03767139479905424 0.12130252100840339
0 0.2764420803782506 0.6923529411764706 0.03530732860520082 0.12760504201680675
0 0.23684397163120569 0.685 0.02938534278959799 0.1339075630252101
0 0.19310874704491726 0.6881512605042017 0.03646572104018902 0.13180672268907564
0 0.14879432624113476 0.7101890756302521 0.0352836879432623 0.11710084033613448
0 0.32134751773049647 0.8320168067226891 0.03767139479905424 0.13800420168067215
0 0.28117021276595744 0.8393697478991597 0.03767139479905424 0.13172268907563034
0 0.23625295508274233 0.8278151260504202 0.04002364066193841 0.1296218487394959
0 0.20020094562647756 0.8435714285714286 0.03646572104018902 0.13172268907563034
0 0.07137115839243498 0.8403991596638655 0.04118203309692662 0.14642857142857152
0 0.7367966903073286 0.8236134453781513 0.031832151300236484 0.129579831932773
0 0.4598108747044917 0.9726890756302521 0.08037825059101655 0.0546218487394958
0 0.7923522458628842 0.14525210084033613 0.036572104018912595 0.11739495798319327
0 0.22990543735224586 0.04831932773109244 0.05555555555555555 0.09663865546218488
0 0.9781323877068558 0.38865546218487396 0.04373522458628842 0.13025210084033614