0 0.7533451536643027 0.14737394957983194 0.03893617021276602 0.11739495798319327
0 0.7084397163120568 0.14945378151260505 0.03419621749408991 0.12159663865546218
0 0.6375177304964538 0.163109243697479 0.03182033096926722 0.12789915966386553
0 0.5937825059101655 0.16626050420168068 0.03417257683215126 0.12579831932773108
0 0.5518321513002364 0.17151260504201682 0.03299054373522455 0.11949579831932772
0 0.5075059101654846 0.16626050420168068 0.034160756501182006 0.12579831932773108
0 0.46968085106382984 0.1788655462184874 0.03179669030732858 0.12579831932773108
0 0.40231678486997635 0.17464285714285713 0.036513002364066315 0.1342016806722689
0 0.35326241134751774 0.18409663865546216 0.030591016548463485 0.13210084033613445
0 0.3071631205673759 0.17569327731092435 0.03294326241134739 0.14050420168067226
0 0.2202955082742317 0.17569327731092435 0.04120567375886513 0.13632352941176468
0 0.1789243498817967 0.17149159663865546 0.03646572104018902 0.1447268907563025
0 0.13874704491725767 0.17779411764705882 0.029373522458628735 0.12792016806722686
0 0.0973758865248227 0.17256302521008404 0.03408983451536633 0.12161764705882357
0 0.057777777777777775 0.163109243697479 0.04236406619385333 0.13632352941176473
0 0.805354609929078 0.3657983193277311 0.08385342789598116 0.06684873949579831
0 0.5985106382978723 0.35632352941176476 0.038900709219858116 0.13197478991596637
0 0.564243498817967 0.35422268907563026 0.03417257683215126 0.12777310924369747
0 0.5199172576832152 0.35632352941176476 0.03534278959810872 0.12359243697478989
0 0.47559101654846336 0.36577731092436977 0.034160756501182006 0.12987394957983192
0 0.3940425531914894 0.36470588235294116 0.04122931442080391 0.1361764705882353
0 0.3526713947990544 0.3699579831932773 0.038865248226950484 0.12569327731092433
0 0.310709219858156 0.3626050420168067 0.03767139479905424 0.12779411764705878
0 0.27053191489361705 0.35002100840336137 0.03057919621749396 0.12779411764705878
0 0.22502364066193853 0.36472689075630255 0.03411347517730485 0.12359243697478989
0 0.18601654846335697 0.3626050420168067 0.03882978723404244 0.13201680672268903
0 0.14761229314420804 0.3584033613445378 0.04237588652482259 0.12361344537815121
0 0.01939716312056734 0.3615546218487395 0.03643026004728125 0.12151260504201676
0 0.8165839243498818 0.6734663865546219 0.033026004728132455 0.12338235294117651
0 0.8207210401891254 0.8078781512605042 0.034208037825059164 0.12329831932773097
0 0.7350236406619386 0.665063025210084 0.035378250591016625 0.13598739495798323
0 0.6528841607565011 0.6881512605042017 0.034184397163120654 0.11077731092436979
0 0.6960283687943262 0.8299159663865546 0.03300236406619394 0.12960084033613434
0 0.6067848699763593 0.6902521008403362 0.03653664302600462 0.1191806722689076
0 0.5671985815602837 0.6944537815126051 0.028262411347517693 0.11077731092436979
0 0.6540661938534278 0.8141806722689076 0.03182033096926722 0.12329831932773097
0 0.6126950354609928 0.8215126050420168 0.038900709219858054 0.13380252100840323
0 0.5689716312056737 0.8257352941176471 0.03653664302600469 0.12539915966386542
0 0.4862293144208038 0.665063025210084 0.03414893617021275 0.13598739495798323
0 0.06670212765957441 0.5527731092436975 0.0696099290780143 0.08350840336134453
0 0.40349881796690307 0.6818697478991597 0.03650118203309705 0.13598739495798323
0 0.4862293144208038 0.8257352941176471 0.036513002364066176 0.12539915966386542
0 0.44664302600472816 0.8225840336134455 0.04478723404255318 0.1401050420168066
0 0.3591725768321513 0.708109243697479 0.0400472813238772 0.12128151260504205
0 0.32134751773049647 0.6955042016806723 0.03767139479905424 0.12130252100840339
0 0.2799881796690307 0.6923529411764706 0.03530732860520082 0.12760504201680675
0 0.24039007092198583 0.685 0.02938534278959799 0.1339075630252101
0 0.1966548463356974 0.6881512605042017 0.03646572104018902 0.13180672268907564
0 0.15234042553191487 0.7038865546218488 0.0352836879432623 0.11710084033613448
0 0.3248936170212766 0.8320168067226891 0.03767139479905424 0.13800420168067215
0 0.2847163120567376 0.8393697478991597 0.03767139479905424 0.13172268907563034
0 0.23979905437352247 0.8278151260504202 0.04002364066193841 0.1296218487394959
0 0.20374704491725767 0.8351680672268909 0.03646572104018902 0.13172268907563034
0 0.07491725768321512 0.8403991596638655 0.04118203309692662 0.14642857142857152
0 0.7403427895981088 0.8236134453781513 0.031832151300236484 0.129579831932773
0 0.7994444444444445 0.14315126050420168 0.036572104018912595 0.11739495798319327
0 0.22695035460992907 0.04096638655462185 0.07092198581560284 0.0819327731092437
0 0.6381205673758865 0.5264495798319327 0.0708510638297873 0.07306722689075637