0 0.1743012048192771 0.16017167381974248 0.03486746987951807 0.1134763948497854
0 0.2176746987951807 0.16124463519313303 0.039686746987951806 0.11991416309012874
0 0.26826506024096386 0.15051502145922746 0.034855421686747 0.12420600858369098
0 0.3393493975903615 0.16017167381974248 0.032433734939758985 0.13064377682403433
0 0.3791084337349398 0.15695278969957083 0.03483132530120478 0.1284978540772532
0 0.42186746987951806 0.16017167381974248 0.03362650602409635 0.12206008583690986
0 0.47186746987951805 0.1526609442060086 0.03481927710843371 0.1284978540772532
0 0.5116265060240963 0.15695278969957083 0.03240963855421684 0.1284978540772532
0 0.580289156626506 0.14407725321888412 0.037216867469879504 0.13708154506437767
0 0.6314939759036144 0.13871244635193133 0.03118072289156633 0.13493562231759657
0 0.6808915662650602 0.13012875536480686 0.033578313253011915 0.143519313304721
0 0.7694337349397591 0.12154506437768241 0.04199999999999988 0.13924892703862665
0 0.8128072289156626 0.11296137339055794 0.03716867469879507 0.1478326180257511
0 0.8537590361445783 0.12369098712446353 0.02993975903614447 0.13066523605150215
0 0.8935180722891566 0.11620171673819742 0.03474698795180713 0.1242274678111588
0 0.9338795180722892 0.10439914163090129 0.043180722891566166 0.13924892703862662
0 0.17309638554216866 0.38864806866952795 0.08546987951807229 0.06828326180257509
0 0.329710843373494 0.4068884120171674 0.03484337349397586 0.13903433476394855
0 0.3839277108433735 0.35538626609442064 0.03965060240963852 0.13480686695278968
0 0.42487951807228913 0.35324034334763954 0.03483132530120478 0.13051502145922744
0 0.4664457831325301 0.34465665236051507 0.03602409638554214 0.126244635193133
0 0.5128313253012048 0.35216738197424896 0.03481927710843371 0.13266094420600857
0 0.5983614457831326 0.3510944206008584 0.042024096385542234 0.1390987124463519
0 0.6393253012048192 0.3414377682403434 0.03961445783132543 0.12839055793991414
0 0.6833012048192771 0.3339270386266095 0.03839759036144565 0.13053648068669524
0 0.7242530120481928 0.3189270386266094 0.03116867469879505 0.13053648068669524
0 0.7670240963855421 0.3189270386266094 0.034771084337349274 0.126244635193133
0 0.8103975903614458 0.30605150214592275 0.03957831325301194 0.13484978540772535
0 0.8519518072289156 0.310343347639485 0.043192771084337236 0.12626609442060088
0 0.9837349397590361 0.30042918454935624 0.03253012048192771 0.12446351931330472
0 0.171289156626506 0.7093562231759657 0.03366265060240964 0.126030042918455
0 0.17550602409638552 0.8423605150214593 0.03486746987951807 0.12594420600858355
0 0.25562650602409637 0.6921888412017168 0.03606024096385543 0.13890557939914167
0 0.2562289156626506 0.8477253218884121 0.034855421686747 0.13667381974248916
0 0.3429638554216868 0.7050643776824035 0.03484337349397586 0.11315450643776828
0 0.3001927710843374 0.8520171673819743 0.033638554216867456 0.13238197424892692
0 0.3875421686746988 0.696480686695279 0.037240963855421645 0.12173819742489274
0 0.4278915662650602 0.7007725321888412 0.028807228915662612 0.11315450643776828
0 0.34175903614457837 0.8337982832618026 0.032433734939758985 0.12594420600858355
0 0.38874698795180723 0.8391416309012876 0.03965060240963852 0.13667381974248916
0 0.43210843373493973 0.8348712446351931 0.037240963855421645 0.12809012875536469
0 0.5140361445783133 0.6728969957081545 0.03480722891566263 0.13890557939914167
0 0.5555903614457831 0.6782618025751073 0.0336024096385542 0.1410515021459228
0 0.5971566265060241 0.6836266094420601 0.03720481927710843 0.13890557939914167
0 0.5152409638554216 0.8327253218884121 0.037216867469879504 0.12809012875536469
0 0.5567951807228916 0.8166309012875537 0.04565060240963854 0.1431115879828325
0 0.6411325301204819 0.6889914163090128 0.04081927710843387 0.12388412017167386
0 0.6808915662650602 0.6761158798283262 0.03839759036144565 0.12390557939914165
0 0.7254578313253012 0.6664592274678112 0.03598795180722878 0.130343347639485
0 0.7694337349397591 0.6503648068669527 0.029951807228915543 0.13678111587982836
0 0.8091927710843373 0.6557296137339056 0.03716867469879507 0.13463519313304723
0 0.8543614457831326 0.6675321888412017 0.03596385542168664 0.11961373390557942
0 0.6833012048192771 0.8198497854077254 0.03839759036144565 0.14096566523605136
0 0.7266626506024096 0.8144849785407725 0.03839759036144565 0.13454935622317607
0 0.7688313253012048 0.8026824034334764 0.04079518072289145 0.13240343347639494
0 0.8116024096385542 0.8059012875536481 0.03716867469879507 0.13454935622317607
0 0.9441204819277108 0.794098712446352 0.04197590361445773 0.14957081545064388