0 0.22882422802850355 0.16065400843881858 0.03912114014251781 0.11789029535864978
0 0.27275534441805227 0.15852320675105486 0.034358669833729226 0.1221097046413502
0 0.3428266033254157 0.16168776371308016 0.03197149643705458 0.12843881856540085
0 0.384394299287411 0.15852320675105486 0.03433491686460804 0.12632911392405063
0 0.4301068883610451 0.16379746835443038 0.033147268408551034 0.12
0 0.4782066508313539 0.16274261603375528 0.03432304038004748 0.12632911392405063
0 0.5150237529691211 0.17329113924050632 0.031947743467933463 0.12632911392405063
0 0.581520190023753 0.1500632911392405 0.036686460807600935 0.13476793248945146
0 0.6343705463182898 0.14478902953586498 0.030736342042755473 0.13265822784810125
0 0.680688836104513 0.14267932489451476 0.03309976247030866 0.1410970464135021
0 0.7691567695961995 0.13635021097046413 0.04140142517814715 0.13689873417721515
0 0.8107244655581948 0.12369198312236288 0.03663895486935856 0.14533755274261603
0 0.8546555819477435 0.14478902953586498 0.02951306413301652 0.12845991561181433
0 0.8938479809976247 0.13953586497890297 0.03425178147268399 0.12213080168776373
0 0.9336342042755345 0.12162447257383965 0.04256532066508304 0.13689873417721518
0 0.18131828978622327 0.38210970464135025 0.08425178147268408 0.0671308016877637
0 0.39270783847981 0.3536075949367089 0.03908551068883607 0.13253164556962024
0 0.4295130641330166 0.3557172995780591 0.03433491686460804 0.12831223628691982
0 0.4716745843230404 0.3409493670886076 0.03551068883610448 0.12411392405063287
0 0.5114608076009501 0.3525527426160338 0.03432304038004748 0.13042194092827003
0 0.596959619952494 0.35358649789029534 0.04142517814726847 0.13675105485232067
0 0.6432779097387173 0.35044303797468357 0.03904988123515452 0.1262236286919831
0 0.683064133016627 0.32827004219409284 0.03785035629453669 0.1283333333333333
0 0.7293705463182898 0.3367299578059072 0.030724465558194646 0.1283333333333333
0 0.7679691211401425 0.32829113924050635 0.03427553444180511 0.12411392405063287
0 0.8107244655581948 0.3177426160337553 0.039014251781472574 0.1325738396624473
0 0.84812351543943 0.31141350210970464 0.0425771971496436 0.12413502109704645
0 0.9816983372921616 0.31248945147679325 0.03660332541567688 0.12202531645569624
0 0.17834916864608075 0.6868565400843881 0.033182897862232774 0.12390295358649793
0 0.17775534441805224 0.834493670886076 0.034370546318289785 0.12381856540084375
0 0.26029691211401423 0.6847468354430379 0.03554631828978623 0.1365611814345992
0 0.3452019002375297 0.699493670886076 0.0343467933491686 0.11124472573839667
0 0.30304038004750594 0.8376371308016878 0.03315914489311162 0.13014767932489438
0 0.39270783847981 0.6931645569620253 0.03671021377672205 0.1196835443037975
0 0.4324821852731591 0.6973839662447258 0.028396674584323003 0.11124472573839667
0 0.3452019002375297 0.8281645569620253 0.03197149643705458 0.12381856540084375
0 0.38795724465558196 0.8249789029535866 0.03908551068883607 0.1343670886075948
0 0.4307007125890736 0.8292194092827004 0.03671021377672205 0.12592827004219398
0 0.513836104513064 0.6678691983122362 0.03431116389548692 0.1365611814345992
0 0.596959619952494 0.6805274261603376 0.036674584323040445 0.1365611814345992
0 0.5126484560570072 0.8207805907172996 0.036686460807600935 0.12592827004219398
0 0.5547980997624703 0.8176160337552743 0.044999999999999984 0.14069620253164544
0 0.6426840855106888 0.6942194092827004 0.040237529691211534 0.12179324894514772
0 0.679501187648456 0.6900000000000001 0.03785035629453669 0.1218143459915612
0 0.7234323040380047 0.6573206751054852 0.03547505938242267 0.12814345991561182
0 0.766187648456057 0.6646835443037975 0.0330878859857481 0.13447257383966246
0 0.8107244655581948 0.6636497890295359 0.03663895486935856 0.13236286919831225
0 0.856437054631829 0.6731223628691984 0.035451306413301555 0.11759493670886077
0 0.679501187648456 0.810210970464135 0.03785035629453669 0.13858649789029523
0 0.7269952494061758 0.8133755274261604 0.03785035629453669 0.13227848101265832
0 0.766187648456057 0.8017932489451477 0.040213776722090144 0.1301687763713081
0 0.8083491686460808 0.8070464135021097 0.03663895486935856 0.13227848101265832
0 0.941353919239905 0.79542194092827 0.04137767220902603 0.1470464135021098
0 0.2585154394299287 0.8334177215189874 0.03198337292161521 0.1301265822784809
0 0.18369358669833727 0.16063291139240507 0.0367458432304038 0.11789029535864978
0 0.5524228028503563 0.6688818565400844 0.04980997624703094 0.13031645569620248
0 0.3357600950118765 0.5075738396624473 0.0532660332541568 0.13242616033755275