0 0.7593884892086331 0.15138297872340425 0.03949640287769791 0.11889361702127658
0 0.7150359712230216 0.15136170212765956 0.034688249400479695 0.12314893617021276
0 0.6454916067146282 0.16306382978723405 0.03227817745803366 0.129531914893617
0 0.6011270983213429 0.16625531914893618 0.03466426858513186 0.12740425531914892
0 0.5585731414868106 0.17157446808510637 0.03346522781774577 0.12102127659574467
0 0.5136091127098321 0.16625531914893618 0.03465227817745801 0.12740425531914892
0 0.4752398081534773 0.17902127659574468 0.03225419664268583 0.12740425531914892
0 0.4069064748201439 0.17474468085106382 0.03703836930455634 0.13591489361702128
0 0.3571462829736211 0.1843191489361702 0.03103117505995217 0.1337872340425532
0 0.31038369304556357 0.17580851063829786 0.03341726618705023 0.1422978723404255
0 0.22226618705035972 0.17580851063829786 0.041798561151079015 0.13806382978723403
0 0.18029976019184654 0.17155319148936168 0.0369904076738608 0.14657446808510635
0 0.13954436450839328 0.17793617021276595 0.029796163069544256 0.12955319148936167
0 0.09757793764988008 0.17263829787234042 0.03458033573141477 0.12317021276595748
0 0.05741007194244604 0.16306382978723405 0.04297362110311741 0.13806382978723408
0 0.8157434052757794 0.36834042553191493 0.08505995203836937 0.06770212765957445
0 0.6059232613908873 0.35874468085106387 0.03946043165467622 0.1336595744680851
0 0.5711630695443646 0.3566170212765958 0.03466426858513186 0.12940425531914893
0 0.5261990407673861 0.35874468085106387 0.0358513189448441 0.1251702127659574
0 0.4812350119904077 0.36831914893617024 0.03465227817745801 0.131531914893617
0 0.3985131894484413 0.3672340425531915 0.04182254196642699 0.13791489361702125
0 0.35654676258992807 0.37255319148936167 0.03942446043165481 0.1272978723404255
0 0.3139808153477218 0.3651063829787234 0.03821342925659459 0.1294255319148936
0 0.2732254196642686 0.3523617021276596 0.031019184652278046 0.1294255319148936
0 0.22706235011990408 0.3672553191489362 0.03460431654676247 0.1251702127659574
0 0.18749400479616307 0.3651063829787234 0.039388489208632985 0.13370212765957443
0 0.14853717026378896 0.3608510638297872 0.042985611510791256 0.12519148936170207
0 0.018477218225419628 0.36404255319148937 0.036954436450839255 0.12306382978723399
0 0.8271342925659473 0.679936170212766 0.033501199040767454 0.12495744680851067
0 0.8313309352517986 0.816063829787234 0.034700239808153545 0.12487234042553179
0 0.744400479616307 0.6714255319148936 0.035887290167865786 0.13772340425531918
0 0.6610791366906473 0.6948085106382978 0.034676258992805846 0.11219148936170216
0 0.7048441247002397 0.8383829787234043 0.03347721822541975 0.13125531914893604
0 0.6143165467625898 0.696936170212766 0.03706235011990397 0.12070212765957451
0 0.5741606714628298 0.7011914893617022 0.0286690647482014 0.11219148936170216
0 0.6622781774580335 0.8224468085106383 0.03227817745803366 0.12487234042553179
0 0.6203117505995203 0.8298723404255319 0.03946043165467615 0.13551063829787222
0 0.5759592326139089 0.8341489361702128 0.03706235011990404 0.12699999999999986
0 0.4920263788968825 0.6714255319148936 0.03464028776978416 0.13772340425531918
0 0.11920863309352513 0.5577021276595745 0.07061151079136703 0.08457446808510638
0 0.40810551558753 0.6884468085106383 0.03702637889688249 0.13772340425531918
0 0.4920263788968825 0.8341489361702128 0.03703836930455634 0.12699999999999986
0 0.45187050359712233 0.8309574468085107 0.045431654676258974 0.14189361702127648
0 0.3631414868105516 0.7150212765957447 0.0406235011990409 0.12282978723404259
0 0.3247721822541967 0.7022553191489361 0.03821342925659459 0.12285106382978725
0 0.28281774580335733 0.699063829787234 0.03581534772182241 0.1292340425531915
0 0.24264988009592325 0.6916170212765957 0.029808153477218106 0.13561702127659575
0 0.1982853717026379 0.6948085106382978 0.0369904076738608 0.1334893617021277
0 0.15333333333333332 0.7107446808510639 0.03579136690647471 0.11859574468085109
0 0.32836930455635494 0.8405106382978724 0.03821342925659459 0.1397659574468084
0 0.28761390887290167 0.8479574468085107 0.03821342925659459 0.13340425531914904
0 0.2420503597122302 0.8362553191489362 0.040599520383692925 0.13127659574468095
0 0.20547961630695444 0.8437021276595745 0.0369904076738608 0.13340425531914904
0 0.07479616306954436 0.849 0.041774580335731316 0.14829787234042563
0 0.7497961630695444 0.8320000000000001 0.03229016786570751 0.13123404255319138
0 0.8061510791366907 0.14497872340425533 0.037098321342925726 0.11889361702127658
0 0.23621103117505995 0.03404255319148936 0.05755395683453238 0.06808510638297872
0 0.6748800959232614 0.5395531914893618 0.07187050359712237 0.07400000000000007