0 0.7629856115107914 0.1322340425531915 0.03949640287769791 0.11889361702127658
0 0.7174340527577938 0.1343404255319149 0.034688249400479695 0.12314893617021276
0 0.6478896882494004 0.1417872340425532 0.03227817745803366 0.129531914893617
0 0.6095203836930455 0.13646808510638297 0.03466426858513186 0.12740425531914892
0 0.5669664268585132 0.15668085106382978 0.03346522781774577 0.12102127659574467
0 0.5184052757793766 0.15348936170212765 0.03465227817745801 0.12740425531914892
0 0.4824340527577938 0.1641276595744681 0.03225419664268583 0.12740425531914892
0 0.41050359712230217 0.15559574468085105 0.03703836930455634 0.13591489361702128
0 0.3583453237410072 0.154531914893617 0.03103117505995217 0.1337872340425532
0 0.3139808153477218 0.14602127659574468 0.03341726618705023 0.1422978723404255
0 0.2234652278177458 0.14602127659574468 0.041798561151079015 0.13806382978723403
0 0.18149880095923263 0.1438936170212766 0.0369904076738608 0.14657446808510635
0 0.14194244604316547 0.154531914893617 0.029796163069544256 0.12955319148936167
0 0.10117505995203836 0.15136170212765956 0.03458033573141477 0.12317021276595748
0 0.06580335731414867 0.13327659574468084 0.04297362110311741 0.13806382978723408
0 0.8157434052757794 0.3534468085106383 0.08505995203836937 0.06770212765957445
0 0.6059232613908873 0.34385106382978725 0.03946043165467622 0.1336595744680851
0 0.5711630695443646 0.34172340425531916 0.03466426858513186 0.12940425531914893
0 0.5261990407673861 0.34385106382978725 0.0358513189448441 0.1251702127659574
0 0.4812350119904077 0.3534255319148936 0.03465227817745801 0.131531914893617
0 0.3985131894484413 0.35234042553191486 0.04182254196642699 0.13791489361702125
0 0.35654676258992807 0.3576595744680851 0.03942446043165481 0.1272978723404255
0 0.31637889688249404 0.3395744680851064 0.03821342925659459 0.1294255319148936
0 0.2744244604316547 0.3225744680851064 0.031019184652278046 0.1294255319148936
0 0.22826139088729017 0.3395957446808511 0.03460431654676247 0.1251702127659574
0 0.19109112709832135 0.3310851063829788 0.039388489208632985 0.13370212765957454
0 0.14853717026378896 0.3395744680851064 0.042985611510791256 0.12519148936170207
0 0.018477218225419628 0.3300212765957447 0.036954436450839255 0.12306382978723411
0 0.8271342925659473 0.6650425531914893 0.033501199040767454 0.12495744680851067
0 0.8313309352517986 0.8011702127659575 0.034700239808153545 0.12487234042553179
0 0.744400479616307 0.656531914893617 0.035887290167865786 0.13772340425531918
0 0.6610791366906473 0.6799148936170213 0.034676258992805846 0.11219148936170216
0 0.7048441247002397 0.8234893617021277 0.03347721822541975 0.13125531914893604
0 0.6143165467625898 0.6820425531914893 0.03706235011990397 0.12070212765957451
0 0.5741606714628298 0.6862978723404255 0.0286690647482014 0.11219148936170216
0 0.6622781774580335 0.8075531914893618 0.03227817745803366 0.12487234042553179
0 0.6203117505995203 0.8149787234042554 0.03946043165467615 0.13551063829787222
0 0.5759592326139089 0.8192553191489362 0.03706235011990404 0.12699999999999986
0 0.4920263788968825 0.656531914893617 0.03464028776978416 0.13772340425531918
0 0.40810551558753 0.6735531914893617 0.03702637889688249 0.13772340425531918
0 0.4920263788968825 0.8064893617021277 0.03703836930455634 0.12699999999999986
0 0.45067146282973625 0.8075531914893618 0.045431654676258974 0.14189361702127648
0 0.3619424460431655 0.6831063829787234 0.0406235011990409 0.12282978723404259
0 0.3247721822541967 0.6788510638297872 0.03821342925659459 0.12285106382978725
0 0.28281774580335733 0.6714042553191489 0.03581534772182241 0.1292340425531915
0 0.24264988009592325 0.6597021276595745 0.029808153477218106 0.13561702127659575
0 0.1982853717026379 0.6628936170212766 0.0369904076738608 0.1334893617021277
0 0.15573141486810552 0.6830851063829787 0.03579136690647471 0.11859574468085109
0 0.32836930455635494 0.8256170212765958 0.03821342925659459 0.1397659574468084
0 0.2852158273381295 0.8160425531914894 0.03821342925659459 0.13340425531914904
0 0.24324940047961632 0.8022340425531915 0.040599520383692925 0.13127659574468095
0 0.20667865707434052 0.8139148936170213 0.0369904076738608 0.13340425531914904
0 0.07359712230215827 0.8170851063829787 0.041774580335731316 0.14829787234042563
0 0.7497961630695444 0.8171063829787234 0.03229016786570751 0.13123404255319138
0 0.809748201438849 0.12795744680851065 0.037098321342925726 0.11889361702127658
0 0.45187050359712233 0.5788723404255319 0.05028776978417273 0.1314255319148936