0 0.823289156626506 0.15158798283261804 0.03486746987951814 0.1134763948497854
0 0.7750963855421688 0.14836909871244636 0.039686746987951875 0.11991416309012874
0 0.7281204819277108 0.13763948497854078 0.034855421686747066 0.12420600858369098
0 0.65944578313253 0.1494420600858369 0.032433734939759123 0.13064377682403433
0 0.614867469879518 0.14836909871244636 0.03483132530120478 0.1284978540772532
0 0.5733132530120483 0.1472961373390558 0.03362650602409635 0.12206008583690986
0 0.5221084337349398 0.14407725321888412 0.03481927710843371 0.1284978540772532
0 0.4847590361445783 0.14407725321888412 0.03240963855421684 0.1284978540772532
0 0.41489156626506024 0.13120171673819742 0.037216867469879504 0.13708154506437767
0 0.36609638554216867 0.132274678111588 0.031180722891566398 0.13493562231759657
0 0.3166987951807229 0.11725321888412017 0.033578313253011915 0.143519313304721
0 0.2281566265060241 0.10866952789699572 0.04199999999999988 0.13924892703862665
0 0.1859879518072289 0.10008583690987125 0.03716867469879507 0.1478326180257511
0 0.14383132530120482 0.10866952789699572 0.02993975903614447 0.13066523605150218
0 0.10527710843373493 0.10332618025751072 0.03474698795180713 0.1242274678111588
0 0.06371084337349397 0.08937768240343347 0.043180722891566166 0.13924892703862662
0 0.8184698795180724 0.3757725321888412 0.08546987951807236 0.06828326180257509
0 0.6606506024096385 0.41972103004291844 0.03484337349397599 0.13903433476394855
0 0.6112530120481927 0.3425107296137339 0.03965060240963852 0.13480686695278968
0 0.5739156626506025 0.3382188841201717 0.03483132530120478 0.13051502145922744
0 0.5299397590361447 0.33178111587982834 0.03602409638554214 0.126244635193133
0 0.4835542168674699 0.3371459227467811 0.03481927710843371 0.13266094420600857
0 0.3980240963855422 0.3382188841201717 0.0420240963855423 0.1390987124463519
0 0.3570602409638554 0.3285622317596567 0.03961445783132543 0.12839055793991414
0 0.3118795180722892 0.31890557939914166 0.03839759036144565 0.13053648068669524
0 0.27213253012048194 0.30605150214592275 0.03116867469879505 0.13053648068669524
0 0.22936144578313253 0.30819742489270385 0.034771084337349274 0.126244635193133
0 0.1883975903614458 0.29317596566523607 0.03957831325301194 0.13484978540772538
0 0.14443373493975903 0.29317596566523607 0.043192771084337236 0.12626609442060094
0 0.013855421686746987 0.2875536480686695 0.027710843373493974 0.12446351931330472
0 0.820277108433735 0.696480686695279 0.03366265060240971 0.126030042918455
0 0.8160602409638554 0.8294849785407725 0.03486746987951814 0.12594420600858355
0 0.7359397590361446 0.67931330472103 0.036060240963855496 0.13890557939914167
0 0.7365421686746988 0.8434334763948498 0.034855421686747066 0.13667381974248916
0 0.6534216867469879 0.6900429184549356 0.03484337349397599 0.11315450643776828
0 0.6913734939759035 0.8391416309012876 0.03363855421686756 0.13238197424892692
0 0.6040240963855421 0.6836051502145922 0.037240963855421645 0.12173819742489274
0 0.5636746987951807 0.6878969957081545 0.028807228915662612 0.11315450643776828
0 0.6498072289156626 0.8209227467811159 0.032433734939759123 0.12594420600858355
0 0.6028192771084337 0.826266094420601 0.03965060240963852 0.13667381974248916
0 0.5594578313253012 0.8219957081545065 0.037240963855421645 0.12809012875536469
0 0.481144578313253 0.6578755364806866 0.03480722891566263 0.13890557939914167
0 0.4383855421686747 0.6653862660944205 0.0336024096385542 0.1410515021459228
0 0.3944096385542169 0.6707510729613734 0.037204819277108565 0.13890557939914167
0 0.4763253012048193 0.8198497854077254 0.037216867469879504 0.12809012875536469
0 0.4347710843373494 0.8037553648068669 0.04565060240963854 0.1431115879828325
0 0.35043373493975905 0.6761158798283262 0.04081927710843387 0.12388412017167386
0 0.3106746987951807 0.6632403433476395 0.03839759036144565 0.12390557939914165
0 0.26610843373493975 0.6535836909871244 0.03598795180722878 0.130343347639485
0 0.22213253012048192 0.6374892703862661 0.029951807228915543 0.13678111587982836
0 0.18237349397590363 0.6428540772532189 0.03716867469879507 0.13463519313304723
0 0.13720481927710843 0.654656652360515 0.03596385542168664 0.11961373390557942
0 0.3082650602409639 0.8069742489270386 0.03839759036144565 0.14096566523605136
0 0.26490361445783134 0.8016094420600859 0.03839759036144565 0.13454935622317607
0 0.22273493975903616 0.7898068669527897 0.04079518072289145 0.13240343347639494
0 0.17996385542168675 0.7930257510729614 0.03716867469879507 0.13454935622317607
0 0.04744578313253012 0.7812231759656653 0.04197590361445773 0.14957081545064388