0 0.7592992874109264 0.15432489451476794 0.03912114014251788 0.11789029535864978
0 0.7141805225653207 0.150084388185654 0.03435866983372929 0.1221097046413502
0 0.6452969121140142 0.15746835443037974 0.03197149643705472 0.12843881856540085
0 0.6072921615201899 0.15641350210970464 0.03433491686460804 0.12632911392405063
0 0.5603919239904989 0.17012658227848101 0.033147268408551034 0.12
0 0.5122921615201901 0.1669620253164557 0.03432304038004748 0.12632911392405063
0 0.47666270783847986 0.17751054852320675 0.031947743467933463 0.12632911392405063
0 0.408978622327791 0.16905063291139238 0.036686460807601066 0.13476793248945146
0 0.3537529691211402 0.1679957805907173 0.030736342042755473 0.13265822784810125
0 0.3098099762470309 0.15955696202531644 0.03309976247030866 0.1410970464135021
0 0.22846793349168645 0.1532278481012658 0.04140142517814715 0.13689873417721515
0 0.1833372921615202 0.14267932489451476 0.03663895486935856 0.145337552742616
0 0.14415676959619952 0.15744725738396623 0.02951306413301652 0.12845991561181433
0 0.10496437054631828 0.15219409282700422 0.03425178147268399 0.12213080168776375
0 0.06399049881235154 0.1469198312236287 0.04256532066508304 0.1368987341772152
0 0.8068052256532067 0.36523206751054854 0.08425178147268415 0.0671308016877637
0 0.598978622327791 0.3557172995780591 0.03908551068883607 0.13253164556962024
0 0.5645486935866983 0.3536075949367089 0.03433491686460804 0.12831223628691982
0 0.5200118764845606 0.3557172995780591 0.03551068883610448 0.12411392405063287
0 0.47547505938242285 0.36521097046413503 0.03432304038004748 0.13042194092827003
0 0.3935391923990499 0.3641350210970464 0.04142517814726854 0.13675105485232067
0 0.3543467933491687 0.35044303797468357 0.03904988123515452 0.1262236286919831
0 0.3121852731591449 0.35147679324894515 0.03785035629453669 0.1283333333333333
0 0.2706294536817102 0.334620253164557 0.030724465558194646 0.1283333333333333
0 0.22728028503562947 0.3409493670886076 0.03427553444180511 0.12411392405063287
0 0.19046318289786224 0.3325105485232068 0.039014251781472574 0.13257383966244732
0 0.14950118764845605 0.33459915611814345 0.0425771971496436 0.12413502109704636
0 0.017814726840855107 0.34177215189873417 0.035629453681710214 0.12236286919831224
0 0.8180878859857482 0.6741983122362869 0.033182897862232844 0.12390295358649793
0 0.8222446555819478 0.8091772151898734 0.03437054631828985 0.12381856540084375
0 0.7361401425178148 0.665759493670886 0.0355463182897863 0.1365611814345992
0 0.6536104513064132 0.6889451476793249 0.03434679334916873 0.11124472573839667
0 0.696959619952494 0.8313080168776372 0.033159144893111725 0.13014767932489438
0 0.6072921615201899 0.6910548523206751 0.03671021377672205 0.1196835443037975
0 0.5675178147268409 0.6952742616033756 0.028396674584323003 0.11124472573839667
0 0.6547980997624702 0.8155063291139241 0.03197149643705472 0.12381856540084375
0 0.613230403800475 0.8228691983122364 0.039085510688836 0.1343670886075948
0 0.5692992874109264 0.8271097046413503 0.03671021377672205 0.12592827004219398
0 0.4861638954869359 0.665759493670886 0.03431116389548692 0.1365611814345992
0 0.403040380047506 0.6826371308016878 0.03667458432304051 0.1365611814345992
0 0.4861638954869359 0.8144514767932489 0.036686460807600935 0.12592827004219398
0 0.4452019002375297 0.8155063291139241 0.044999999999999984 0.14069620253164544
0 0.35731591448931116 0.6921097046413502 0.040237529691211534 0.12179324894514772
0 0.320498812351544 0.6878902953586498 0.03785035629453669 0.1218143459915612
0 0.2789429928741093 0.6805063291139241 0.03547505938242267 0.12814345991561182
0 0.23915676959619953 0.6689029535864979 0.02952494061757708 0.13447257383966246
0 0.19521377672209025 0.6720675105485232 0.03663895486935856 0.13236286919831225
0 0.15306413301662708 0.6920886075949367 0.035451306413301555 0.11759493670886077
0 0.32406175771971496 0.8334177215189874 0.03785035629453669 0.13858649789029523
0 0.2813182897862233 0.8239240506329114 0.03785035629453669 0.13227848101265832
0 0.23975059382422803 0.8102320675105485 0.040213776722090144 0.1301687763713081
0 0.2035273159144893 0.8218143459915612 0.03663895486935856 0.13227848101265832
0 0.07171021377672208 0.8249578059071729 0.04137767220902603 0.1470464135021098
0 0.7414845605700713 0.8249789029535866 0.03198337292161528 0.1301265822784809
0 0.8079928741092637 0.15219409282700422 0.03674584323040386 0.11789029535864978
0 0.4475771971496437 0.6667721518987342 0.04980997624703094 0.13031645569620248