0 0.18337708830548924 0.1644915254237288 0.0345346062052506 0.11203389830508474
0 0.2287231503579952 0.16978813559322034 0.03930787589498806 0.11838983050847457
0 0.2752505966587112 0.1591949152542373 0.03452267303102626 0.12262711864406779
0 0.3456563245823389 0.1623728813559322 0.03212410501193313 0.12898305084745762
0 0.38980906921241054 0.1613135593220339 0.03449880668257753 0.12686440677966102
0 0.4309665871121718 0.1602542372881356 0.03330548926014316 0.12050847457627117
0 0.48168257756563243 0.15707627118644069 0.034486873508353194 0.12686440677966102
0 0.5186754176610978 0.15707627118644069 0.03210023866348446 0.12686440677966102
0 0.5878758949880668 0.14436440677966103 0.036861575178997595 0.13533898305084746
0 0.6362052505966587 0.14542372881355933 0.030883054892601562 0.13322033898305083
0 0.6851312649164678 0.13059322033898305 0.03325775656324569 0.14169491525423727
0 0.7728281622911695 0.12211864406779661 0.04159904534606193 0.13747881355932207
0 0.8145942720763724 0.11364406779661017 0.03681384248210013 0.1459533898305085
0 0.8563484486873508 0.12211864406779661 0.029653937947493925 0.12900423728813562
0 0.8945346062052506 0.11684322033898305 0.03441527446300706 0.12264830508474577
0 0.9357040572792363 0.10307203389830508 0.04276849642004763 0.13747881355932204
0 0.18218377088305487 0.3964194915254238 0.08465393794749403 0.06741525423728813
0 0.3444630071599046 0.42921610169491525 0.03451073985680186 0.13726694915254242
0 0.3933890214797136 0.35298728813559327 0.039272076372315 0.13309322033898305
0 0.4303699284009546 0.34875 0.03449880668257753 0.1288559322033898
0 0.473926014319809 0.3423940677966102 0.035680190930787566 0.12463983050847455
0 0.5198687350835322 0.3476906779661017 0.034486873508353194 0.13097457627118642
0 0.604582338902148 0.34875 0.0416229116945108 0.13733050847457626
0 0.6451551312649164 0.3392161016949153 0.039236276849642135 0.12675847457627115
0 0.6899045346062053 0.32968220338983056 0.038031026252983165 0.12887711864406776
0 0.7292720763723151 0.3169915254237288 0.030871121718376957 0.12887711864406776
0 0.7716348448687351 0.31911016949152543 0.03443914081145573 0.12463983050847455
0 0.8122076372315036 0.30427966101694914 0.039200477326968866 0.13313559322033902
0 0.8557517899761337 0.30427966101694914 0.04278042959427197 0.12466101694915258
0 0.9856801909307876 0.298728813559322 0.028639618138424822 0.1228813559322034
0 0.18636038186157516 0.7024576271186441 0.033341288782816225 0.12442796610169496
0 0.19053699284009545 0.833771186440678 0.0345346062052506 0.12434322033898293
0 0.2698926014319809 0.6855084745762712 0.035715990453460626 0.1371398305084746
0 0.2657159904534606 0.8538983050847458 0.03452267303102626 0.13493644067796598
0 0.35162291169451076 0.6961016949152542 0.03451073985680186 0.11171610169491529
0 0.3140334128878282 0.8433050847457627 0.03331742243436753 0.13069915254237274
0 0.40054892601431985 0.6897457627118644 0.036885441527446265 0.12019067796610174
0 0.44051312649164676 0.6939830508474576 0.02853221957040569 0.11171610169491529
0 0.3552028639618139 0.8253177966101695 0.03212410501193313 0.12434322033898293
0 0.4017422434367542 0.8305932203389831 0.039272076372315 0.13493644067796598
0 0.44468973747016705 0.8263771186440678 0.036885441527446265 0.12646186440677953
0 0.5222553699284009 0.6643432203389831 0.03447494033412886 0.1371398305084746
0 0.5646062052505967 0.6717584745762711 0.033281622911694494 0.13925847457627122
0 0.6081622911694511 0.6770550847457627 0.03684964200477333 0.1371398305084746
0 0.5270286396181384 0.8242584745762712 0.036861575178997595 0.12646186440677953
0 0.5681861575178997 0.8083686440677966 0.04521479713603817 0.1412923728813558
0 0.6517183770883055 0.6823516949152543 0.0404295942720765 0.12230932203389834
0 0.6910978520286396 0.6696398305084745 0.038031026252983165 0.12233050847457629
0 0.7352386634844869 0.6601059322033899 0.03564439140811443 0.1286864406779661
0 0.7787947494033413 0.6442161016949153 0.029665871121718257 0.13504237288135595
0 0.8181742243436754 0.6495127118644067 0.03681384248210013 0.13292372881355935
0 0.8629116945107399 0.6611652542372881 0.035620525059665765 0.11809322033898308
0 0.6934844868735084 0.8115466101694916 0.038031026252983165 0.1391737288135592
0 0.7364319809069212 0.80625 0.038031026252983165 0.13283898305084754
0 0.7781980906921241 0.7945974576271186 0.040405727923627566 0.13072033898305094
0 0.8205608591885442 0.7977754237288136 0.03681384248210013 0.13283898305084754
0 0.9518138424821002 0.7861228813559322 0.04157517899761327 0.14766949152542383