0 0.7533610451306414 0.1416666666666667 0.03912114014251788 0.11789029535864978
0 0.7082422802850357 0.14375527426160337 0.03435866983372929 0.1221097046413502
0 0.6393586698337291 0.15113924050632913 0.03197149643705472 0.12843881856540085
0 0.601353919239905 0.14586497890295358 0.03433491686460804 0.12632911392405063
0 0.5592042755344419 0.1659071729957806 0.033147268408551034 0.12
0 0.5111045130641331 0.16274261603375528 0.03432304038004748 0.12632911392405063
0 0.47547505938242285 0.17329113924050632 0.031947743467933463 0.12632911392405063
0 0.404228028503563 0.164831223628692 0.036686460807601066 0.13476793248945146
0 0.35256532066508317 0.16377637130801687 0.030736342042755473 0.13265822784810125
0 0.30862232779097387 0.15533755274261601 0.03309976247030866 0.1410970464135021
0 0.21896674584323042 0.15533755274261601 0.04140142517814715 0.13689873417721515
0 0.17739904988123517 0.1532278481012658 0.03663895486935856 0.145337552742616
0 0.1382185273159145 0.16377637130801687 0.02951306413301652 0.12845991561181433
0 0.09783847980997624 0.16063291139240507 0.03425178147268399 0.12213080168776375
0 0.06280285035629453 0.14270042194092827 0.04256532066508304 0.1368987341772152
0 0.8056175771971497 0.3610126582278481 0.08425178147268415 0.0671308016877637
0 0.597790973871734 0.35149789029535866 0.03908551068883607 0.13253164556962024
0 0.5633610451306413 0.3493881856540085 0.03433491686460804 0.12831223628691982
0 0.5188242280285036 0.35149789029535866 0.03551068883610448 0.12411392405063287
0 0.47428741092636584 0.3609915611814346 0.03432304038004748 0.13042194092827003
0 0.3923515439429929 0.359915611814346 0.04142517814726854 0.13675105485232067
0 0.35078384798099765 0.3651898734177215 0.03904988123515452 0.1262236286919831
0 0.3109976247030879 0.3472573839662447 0.03785035629453669 0.1283333333333333
0 0.2694418052256532 0.3304008438818566 0.030724465558194646 0.1283333333333333
0 0.22371733966745844 0.34727848101265824 0.03427553444180511 0.12411392405063287
0 0.1869002375296912 0.33883966244725744 0.039014251781472574 0.13257383966244732
0 0.14475059382422803 0.3472573839662447 0.0425771971496436 0.12413502109704636
0 0.0172209026128266 0.33755274261603374 0.0344418052256532 0.12236286919831224
0 0.8169002375296912 0.6699789029535865 0.033182897862232844 0.12390295358649793
0 0.8210570071258908 0.804957805907173 0.03437054631828985 0.12381856540084375
0 0.7349524940617578 0.6615400843881857 0.0355463182897863 0.1365611814345992
0 0.6524228028503561 0.6847257383966244 0.03434679334916873 0.11124472573839667
0 0.695771971496437 0.8270886075949367 0.033159144893111725 0.13014767932489438
0 0.6061045130641329 0.6868354430379747 0.03671021377672205 0.1196835443037975
0 0.5663301662707839 0.6910548523206751 0.028396674584323003 0.11124472573839667
0 0.6536104513064132 0.8112869198312237 0.03197149643705472 0.12381856540084375
0 0.612042755344418 0.8186497890295359 0.039085510688836 0.1343670886075948
0 0.5681116389548694 0.8228902953586498 0.03671021377672205 0.12592827004219398
0 0.4849762470308789 0.6615400843881857 0.03431116389548692 0.1365611814345992
0 0.40185273159144896 0.6784177215189874 0.03667458432304051 0.1365611814345992
0 0.4849762470308789 0.8102320675105485 0.036686460807600935 0.12592827004219398
0 0.4440142517814727 0.8112869198312237 0.044999999999999984 0.14069620253164544
0 0.35612826603325415 0.6878902953586498 0.040237529691211534 0.12179324894514772
0 0.31931116389548697 0.6836708860759494 0.03785035629453669 0.1218143459915612
0 0.2777553444180523 0.6762869198312237 0.03547505938242267 0.12814345991561182
0 0.23796912114014251 0.6646835443037975 0.02952494061757708 0.13447257383966246
0 0.19402612826603327 0.6678481012658228 0.03663895486935856 0.13236286919831225
0 0.15187648456057007 0.6878691983122364 0.035451306413301555 0.11759493670886077
0 0.32287410926365795 0.8291983122362869 0.03785035629453669 0.13858649789029523
0 0.2801306413301663 0.819704641350211 0.03785035629453669 0.13227848101265832
0 0.23856294536817102 0.8060126582278482 0.040213776722090144 0.1301687763713081
0 0.20233966745843232 0.8175949367088609 0.03663895486935856 0.13227848101265832
0 0.07052256532066507 0.8207383966244726 0.04137767220902603 0.1470464135021098
0 0.7402969121140143 0.8207594936708861 0.03198337292161528 0.1301265822784809
0 0.7996793349168646 0.13742616033755276 0.03674584323040386 0.11789029535864978
0 0.4463895486935867 0.6625527426160338 0.04980997624703094 0.13031645569620248