0 0.1809904534606205 0.16661016949152543 0.0345346062052506 0.11203389830508474
0 0.22633651551312647 0.17190677966101695 0.03930787589498806 0.11838983050847457
0 0.2728639618138425 0.1613135593220339 0.03452267303102626 0.12262711864406779
0 0.3432696897374702 0.1644915254237288 0.03212410501193313 0.12898305084745762
0 0.3874224343675418 0.1634322033898305 0.03449880668257753 0.12686440677966102
0 0.42857995226730305 0.1623728813559322 0.03330548926014316 0.12050847457627117
0 0.4792959427207637 0.1591949152542373 0.034486873508353194 0.12686440677966102
0 0.5162887828162291 0.1591949152542373 0.03210023866348446 0.12686440677966102
0 0.585489260143198 0.14648305084745764 0.036861575178997595 0.13533898305084746
0 0.63381861575179 0.14754237288135594 0.030883054892601562 0.13322033898305083
0 0.682744630071599 0.13271186440677965 0.03325775656324569 0.14169491525423727
0 0.7704415274463007 0.12423728813559322 0.04159904534606193 0.13747881355932207
0 0.8122076372315036 0.11576271186440679 0.03681384248210013 0.1459533898305085
0 0.8539618138424822 0.12423728813559322 0.029653937947493925 0.12900423728813562
0 0.8921479713603818 0.11896186440677965 0.03441527446300706 0.12264830508474577
0 0.9333174224343675 0.1051906779661017 0.04276849642004763 0.13747881355932204
0 0.1809904534606205 0.3985381355932204 0.08465393794749403 0.06741525423728813
0 0.3432696897374702 0.3699152542372881 0.03451073985680186 0.13726694915254242
0 0.3910023866348449 0.3551059322033899 0.039272076372315 0.13309322033898305
0 0.4279832935560859 0.35086864406779666 0.03449880668257753 0.1288559322033898
0 0.4715393794749403 0.3445127118644068 0.035680190930787566 0.12463983050847455
0 0.5174821002386635 0.3498093220338983 0.034486873508353194 0.13097457627118642
0 0.6021957040572792 0.35086864406779666 0.0416229116945108 0.13733050847457626
0 0.6427684964200477 0.3413347457627119 0.039236276849642135 0.12675847457627115
0 0.6875178997613365 0.33180084745762717 0.038031026252983165 0.12887711864406776
0 0.7268854415274463 0.31911016949152543 0.030871121718376957 0.12887711864406776
0 0.7692482100238663 0.32122881355932204 0.03443914081145573 0.12463983050847455
0 0.8098210023866348 0.30639830508474575 0.039200477326968866 0.13313559322033902
0 0.8533651551312649 0.30639830508474575 0.04278042959427197 0.12466101694915258
0 0.9792482100238664 0.2947457627118644 0.03678997613365147 0.12254237288135597
0 0.18397374701670643 0.7045762711864407 0.033341288782816225 0.12442796610169496
0 0.18815035799522672 0.8358898305084747 0.0345346062052506 0.12434322033898293
0 0.2675059665871122 0.6876271186440678 0.035715990453460626 0.1371398305084746
0 0.34923627684964204 0.6982203389830508 0.03451073985680186 0.11171610169491529
0 0.3116467780429595 0.8454237288135593 0.03331742243436753 0.13069915254237274
0 0.3981622911694511 0.691864406779661 0.036885441527446265 0.12019067796610174
0 0.438126491646778 0.6961016949152542 0.02853221957040569 0.11171610169491529
0 0.35281622911694516 0.8274364406779662 0.03212410501193313 0.12434322033898293
0 0.39935560859188546 0.8327118644067797 0.039272076372315 0.13493644067796598
0 0.4423031026252983 0.8284957627118644 0.036885441527446265 0.12646186440677953
0 0.5198687350835322 0.6664618644067797 0.03447494033412886 0.1371398305084746
0 0.5622195704057279 0.6738771186440677 0.033281622911694494 0.13925847457627122
0 0.6057756563245823 0.6791737288135593 0.03684964200477333 0.1371398305084746
0 0.5246420047732696 0.8263771186440678 0.036861575178997595 0.12646186440677953
0 0.565799522673031 0.8104872881355932 0.04521479713603817 0.1412923728813558
0 0.6493317422434367 0.6844703389830509 0.0404295942720765 0.12230932203389834
0 0.6887112171837708 0.6717584745762711 0.038031026252983165 0.12233050847457629
0 0.7316587112171837 0.6601059322033899 0.03564439140811443 0.1286864406779661
0 0.7704415274463007 0.6399788135593221 0.029665871121718257 0.13504237288135595
0 0.8157875894988067 0.6516313559322033 0.03681384248210013 0.13292372881355935
0 0.8605250596658711 0.6632838983050847 0.035620525059665765 0.11809322033898308
0 0.6910978520286396 0.8136652542372882 0.038031026252983165 0.1391737288135592
0 0.7340453460620525 0.8083686440677966 0.038031026252983165 0.13283898305084754
0 0.7758114558472554 0.7967161016949152 0.040405727923627566 0.13072033898305094
0 0.8181742243436754 0.7998940677966102 0.03681384248210013 0.13283898305084754
0 0.9434606205250596 0.7755296610169492 0.04157517899761327 0.14766949152542383
0 0.23448687350835323 0.9682203389830508 0.06324582338902147 0.0635593220338983