0 0.24780575539568345 0.15563829787234043 0.03949640287769784 0.11889361702127658
0 0.29215827338129496 0.15561702127659574 0.034688249400479626 0.12314893617021276
0 0.36170263788968826 0.16731914893617023 0.032278177458033526 0.129531914893617
0 0.40606714628297363 0.17051063829787233 0.03466426858513186 0.12740425531914892
0 0.44862110311750597 0.17582978723404255 0.03346522781774577 0.12102127659574467
0 0.4935851318944844 0.17051063829787233 0.03465227817745801 0.12740425531914892
0 0.5319544364508393 0.18327659574468086 0.03225419664268583 0.12740425531914892
0 0.6026858513189448 0.18325531914893617 0.03703836930455641 0.13591489361702128
0 0.6512470023980815 0.18857446808510636 0.03103117505995217 0.1337872340425532
0 0.7016067146282974 0.1843191489361702 0.03341726618705023 0.1422978723404255
0 0.7849280575539568 0.18006382978723404 0.041798561151079015 0.13806382978723403
0 0.82689448441247 0.17580851063829786 0.0369904076738608 0.14657446808510635
0 0.8676498800959233 0.18219148936170212 0.029796163069544256 0.1295531914893617
0 0.9096163069544364 0.19602127659574467 0.03458033573141477 0.12317021276595744
0 0.9497841726618705 0.18857446808510636 0.04297362110311741 0.13806382978723403
0 0.19145083932853715 0.37259574468085105 0.0850599520383693 0.06770212765957445
0 0.4012709832134293 0.36300000000000004 0.03946043165467622 0.1336595744680851
0 0.43603117505995204 0.36087234042553196 0.03466426858513186 0.12940425531914893
0 0.48099520383693045 0.36300000000000004 0.0358513189448441 0.1251702127659574
0 0.5259592326139089 0.3725744680851064 0.03465227817745801 0.131531914893617
0 0.6074820143884891 0.3885106382978723 0.04182254196642692 0.13791489361702125
0 0.6506474820143885 0.37680851063829784 0.03942446043165481 0.1272978723404255
0 0.6932134292565947 0.36936170212765956 0.03821342925659459 0.1294255319148936
0 0.7387649880095923 0.3693829787234043 0.031019184652278046 0.1294255319148936
0 0.7801318944844124 0.37151063829787234 0.03460431654676247 0.1251702127659574
0 0.8197002398081534 0.36936170212765956 0.039388489208632985 0.13370212765957443
0 0.8622541966426859 0.3821276595744681 0.042985611510791256 0.12519148936170207
0 0.986810551558753 0.3872340425531915 0.026378896882494004 0.12340425531914893
0 0.1800599520383693 0.6841914893617022 0.033501199040767385 0.12495744680851067
0 0.17586330935251798 0.8203191489361702 0.034700239808153475 0.12487234042553179
0 0.2627937649880096 0.6756808510638298 0.03588729016786572 0.13772340425531918
0 0.3461151079136691 0.699063829787234 0.03467625899280571 0.11219148936170216
0 0.3023501199040768 0.8426382978723405 0.03347721822541965 0.13125531914893604
0 0.39287769784172666 0.7011914893617022 0.03706235011990404 0.12070212765957451
0 0.43303357314148677 0.7054468085106383 0.0286690647482014 0.11219148936170216
0 0.344916067146283 0.8267021276595745 0.032278177458033526 0.12487234042553179
0 0.3868824940047962 0.8341276595744681 0.03946043165467622 0.13551063829787222
0 0.43123501199040765 0.838404255319149 0.03706235011990404 0.12699999999999986
0 0.515167865707434 0.6756808510638298 0.03464028776978416 0.13772340425531918
0 0.5541247002398081 0.6703617021276596 0.03344124700239807 0.13985106382978726
0 0.5990887290167866 0.7054680851063829 0.03702637889688256 0.13772340425531918
0 0.515167865707434 0.838404255319149 0.03703836930455634 0.12699999999999986
0 0.5553237410071943 0.8352127659574469 0.045431654676258974 0.14189361702127648
0 0.6440527577937649 0.7192765957446808 0.0406235011990409 0.12282978723404259
0 0.6824220623501199 0.7065106382978723 0.03821342925659459 0.12285106382978725
0 0.7243764988009592 0.7033191489361702 0.03581534772182241 0.1292340425531915
0 0.7645443645083932 0.6958723404255319 0.029808153477218106 0.13561702127659575
0 0.8089088729016787 0.699063829787234 0.0369904076738608 0.1334893617021277
0 0.8538609112709832 0.7213829787234043 0.03579136690647471 0.11859574468085109
0 0.6788249400479616 0.8447659574468086 0.03821342925659459 0.1397659574468084
0 0.7195803357314149 0.8522127659574469 0.03821342925659459 0.13340425531914904
0 0.7651438848920863 0.8405106382978724 0.040599520383692925 0.13127659574468095
0 0.8017146282973621 0.8564680851063831 0.0369904076738608 0.13340425531914904
0 0.9323980815347722 0.8532553191489362 0.041774580335731316 0.14829787234042563
0 0.25739808153477217 0.8362553191489362 0.032290167865707445 0.13123404255319138
0 0.447242206235012 0.9797872340425532 0.0815347721822542 0.04042553191489362
0 0.20104316546762588 0.1492340425531915 0.03709832134292566 0.11889361702127658
0 0.7717386091127099 0.050127659574468075 0.05618705035971211 0.10023404255319149
0 0.00539568345323741 0.3202127659574468 0.01079136690647482 0.1595744680851064