0 0.8076265060240965 0.16017167381974248 0.03486746987951814 0.1134763948497854
0 0.7642530120481928 0.16124463519313303 0.039686746987951875 0.11991416309012874
0 0.7136626506024096 0.15051502145922746 0.034855421686747066 0.12420600858369098
0 0.642578313253012 0.16017167381974248 0.032433734939759123 0.13064377682403433
0 0.6028192771084337 0.15695278969957083 0.03483132530120478 0.1284978540772532
0 0.5600602409638554 0.16017167381974248 0.03362650602409635 0.12206008583690986
0 0.5100602409638555 0.1526609442060086 0.03481927710843371 0.1284978540772532
0 0.4703012048192771 0.15695278969957083 0.03240963855421684 0.1284978540772532
0 0.4016385542168675 0.14407725321888412 0.037216867469879636 0.13708154506437767
0 0.35043373493975905 0.13871244635193133 0.031180722891566398 0.13493562231759657
0 0.3010361445783133 0.13012875536480686 0.033578313253011915 0.143519313304721
0 0.21249397590361446 0.12154506437768241 0.04199999999999988 0.13924892703862665
0 0.16912048192771084 0.11296137339055794 0.03716867469879507 0.1478326180257511
0 0.12816867469879517 0.12369098712446353 0.02993975903614447 0.13066523605150218
0 0.08840963855421687 0.11620171673819742 0.03474698795180713 0.1242274678111588
0 0.04804819277108433 0.10439914163090129 0.043180722891566166 0.13924892703862662
0 0.8088313253012048 0.38864806866952795 0.08546987951807236 0.06828326180257509
0 0.651012048192771 0.4090128755364807 0.03484337349397599 0.13903433476394855
0 0.598 0.35538626609442064 0.03965060240963852 0.13480686695278968
0 0.5570481927710844 0.35324034334763954 0.03483132530120478 0.13051502145922744
0 0.5154819277108434 0.34465665236051507 0.03602409638554214 0.126244635193133
0 0.4690963855421687 0.35216738197424896 0.03481927710843371 0.13266094420600857
0 0.383566265060241 0.3510944206008584 0.0420240963855423 0.1390987124463519
0 0.3426024096385542 0.3414377682403434 0.03961445783132543 0.12839055793991414
0 0.2986265060240964 0.3339270386266095 0.03839759036144565 0.13053648068669524
0 0.25767469879518073 0.3189270386266094 0.03116867469879505 0.13053648068669524
0 0.21490361445783132 0.3189270386266094 0.034771084337349274 0.126244635193133
0 0.17153012048192773 0.30605150214592275 0.03957831325301194 0.13484978540772538
0 0.12997590361445782 0.310343347639485 0.043192771084337236 0.12626609442060094
0 0.009036144578313253 0.30042918454935624 0.018072289156626505 0.12446351931330472
0 0.8106385542168675 0.7093562231759657 0.03366265060240971 0.126030042918455
0 0.806421686746988 0.8423605150214593 0.03486746987951814 0.12594420600858355
0 0.7263012048192772 0.6921888412017168 0.036060240963855496 0.13890557939914167
0 0.7256987951807229 0.8477253218884121 0.034855421686747066 0.13667381974248916
0 0.6389638554216867 0.7050643776824035 0.03484337349397599 0.11315450643776828
0 0.6817349397590361 0.8520171673819743 0.03363855421686756 0.13238197424892692
0 0.5943855421686747 0.696480686695279 0.037240963855421645 0.12173819742489274
0 0.5540361445783133 0.7007725321888412 0.028807228915662612 0.11315450643776828
0 0.6401686746987951 0.8337982832618026 0.032433734939759123 0.12594420600858355
0 0.5931807228915662 0.8391416309012876 0.03965060240963852 0.13667381974248916
0 0.5498192771084338 0.8348712446351931 0.037240963855421645 0.12809012875536469
0 0.4678915662650603 0.6728969957081545 0.03480722891566263 0.13890557939914167
0 0.4263373493975904 0.6782618025751073 0.0336024096385542 0.1410515021459228
0 0.3847710843373494 0.6836266094420601 0.037204819277108565 0.13890557939914167
0 0.4666867469879518 0.8327253218884121 0.037216867469879504 0.12809012875536469
0 0.42513253012048197 0.8166309012875537 0.04565060240963854 0.1431115879828325
0 0.34079518072289156 0.6889914163090128 0.04081927710843387 0.12388412017167386
0 0.3010361445783133 0.6761158798283262 0.03839759036144565 0.12390557939914165
0 0.2564698795180723 0.6664592274678112 0.03598795180722878 0.130343347639485
0 0.21249397590361446 0.6503648068669527 0.029951807228915543 0.13678111587982836
0 0.17273493975903614 0.6557296137339056 0.03716867469879507 0.13463519313304723
0 0.12756626506024096 0.6675321888412017 0.03596385542168664 0.11961373390557942
0 0.2986265060240964 0.8198497854077254 0.03839759036144565 0.14096566523605136
0 0.25526506024096385 0.8144849785407725 0.03839759036144565 0.13454935622317607
0 0.21309638554216867 0.8026824034334764 0.04079518072289145 0.13240343347639494
0 0.17032530120481928 0.8059012875536481 0.03716867469879507 0.13454935622317607
0 0.03780722891566265 0.794098712446352 0.04197590361445773 0.14957081545064388