0 0.24662291169451073 0.15074152542372882 0.03930787589498806 0.11838983050847457
0 0.290763723150358 0.15072033898305084 0.03452267303102626 0.12262711864406779
0 0.35997613365155134 0.1623728813559322 0.03212410501193313 0.12898305084745762
0 0.4041288782816229 0.16555084745762713 0.03449880668257753 0.12686440677966102
0 0.4464797136038186 0.17084745762711864 0.03330548926014316 0.12050847457627117
0 0.49122911694510735 0.16555084745762713 0.034486873508353194 0.12686440677966102
0 0.5294152744630072 0.1782627118644068 0.03210023866348446 0.12686440677966102
0 0.5974224343675417 0.17400423728813558 0.036861575178997665 0.13533898305084746
0 0.646945107398568 0.18353813559322033 0.030883054892601562 0.13322033898305083
0 0.6934844868735084 0.17506355932203388 0.03325775656324569 0.14169491525423727
0 0.78118138424821 0.17506355932203388 0.04159904534606193 0.137478813559322
0 0.8229474940334128 0.17082627118644067 0.03681384248210013 0.14595338983050846
0 0.8635083532219571 0.1771822033898305 0.029653937947493925 0.1290042372881356
0 0.9052744630071599 0.19095338983050847 0.03441527446300706 0.12264830508474575
0 0.9452505966587113 0.18353813559322033 0.04276849642004763 0.137478813559322
0 0.19053699284009545 0.36677966101694914 0.08465393794749403 0.06741525423728813
0 0.39935560859188546 0.3572245762711865 0.039272076372315 0.13309322033898305
0 0.43394988066825774 0.3551059322033899 0.03449880668257753 0.1288559322033898
0 0.47869928400954653 0.3572245762711865 0.035680190930787566 0.12463983050847455
0 0.5234486873508353 0.3667584745762712 0.034486873508353194 0.13097457627118642
0 0.604582338902148 0.3826271186440678 0.0416229116945108 0.13733050847457626
0 0.6475417661097852 0.3709745762711864 0.039236276849642135 0.12675847457627115
0 0.6899045346062053 0.3635593220338983 0.038031026252983165 0.12887711864406776
0 0.7352386634844869 0.3635805084745763 0.030871121718376957 0.12887711864406776
0 0.7764081145584726 0.3656991525423729 0.03443914081145573 0.12463983050847455
0 0.8157875894988067 0.3635593220338983 0.039200477326968866 0.13313559322033894
0 0.8581384248210024 0.376271186440678 0.04278042959427197 0.12466101694915249
0 0.9832935560859188 0.3728813559322034 0.03341288782816229 0.1228813559322034
0 0.17920047732696895 0.6770550847457627 0.033341288782816225 0.12442796610169496
0 0.17502386634844866 0.8126059322033898 0.0345346062052506 0.12434322033898293
0 0.2615393794749403 0.6685805084745763 0.035715990453460626 0.1371398305084746
0 0.3444630071599046 0.691864406779661 0.03451073985680186 0.11171610169491529
0 0.3009069212410502 0.8348305084745763 0.03331742243436753 0.13069915254237274
0 0.3910023866348449 0.6939830508474576 0.036885441527446265 0.12019067796610174
0 0.4309665871121718 0.6982203389830508 0.02853221957040569 0.11171610169491529
0 0.3432696897374702 0.8189618644067796 0.03212410501193313 0.12434322033898293
0 0.3850357995226731 0.8263559322033899 0.039272076372315 0.13493644067796598
0 0.4291766109785203 0.830614406779661 0.036885441527446265 0.12646186440677953
0 0.512708830548926 0.6685805084745763 0.03447494033412886 0.1371398305084746
0 0.7322315035799523 0.536271186440678 0.07027446300716002 0.08421610169491525
0 0.5962291169451074 0.6855296610169491 0.03684964200477333 0.1371398305084746
0 0.512708830548926 0.830614406779661 0.036861575178997595 0.12646186440677953
0 0.552673031026253 0.8274364406779662 0.04521479713603817 0.1412923728813558
0 0.6409785202863961 0.7119915254237288 0.0404295942720765 0.12230932203389834
0 0.6791646778042959 0.6992796610169492 0.038031026252983165 0.12233050847457629
0 0.7209188544152745 0.6961016949152542 0.03564439140811443 0.1286864406779661
0 0.7608949880668258 0.6886864406779661 0.029665871121718257 0.13504237288135595
0 0.8050477326968973 0.691864406779661 0.03681384248210013 0.13292372881355935
0 0.8497852028639619 0.7140889830508474 0.035620525059665765 0.11809322033898308
0 0.6755847255369928 0.8369491525423729 0.038031026252983165 0.1391737288135592
0 0.716145584725537 0.8443644067796611 0.038031026252983165 0.13283898305084754
0 0.7614916467780429 0.8327118644067797 0.040405727923627566 0.13072033898305094
0 0.7978878281622912 0.8486016949152543 0.03681384248210013 0.13283898305084754
0 0.9279474940334129 0.8454025423728813 0.04157517899761327 0.14766949152542383
0 0.25616945107398564 0.8284745762711865 0.032136038186157526 0.1306779661016948
0 0.869928400954654 0.9798728813559322 0.07637231503579953 0.04025423728813559
0 0.2000835322195704 0.14436440677966103 0.036921241050119326 0.11838983050847457
0 0.7673031026252983 0.03389830508474576 0.057279236276849645 0.06779661016949153
0 0.23050119331742244 0.5372669491525424 0.07152744630071599 0.07368644067796616