0 0.7593436754176611 0.1465042372881356 0.03930787589498813 0.11838983050847457
0 0.7140095465393795 0.14860169491525424 0.03452267303102633 0.12262711864406779
0 0.6424105011933173 0.1623728813559322 0.03212410501193326 0.12898305084745762
0 0.5982577565632458 0.16555084745762713 0.03449880668257753 0.12686440677966102
0 0.5559069212410501 0.17084745762711864 0.03330548926014316 0.12050847457627117
0 0.5111575178997614 0.16555084745762713 0.034486873508353194 0.12686440677966102
0 0.4729713603818616 0.1782627118644068 0.03210023866348446 0.12686440677966102
0 0.404964200477327 0.17400423728813558 0.036861575178997734 0.13533898305084746
0 0.35544152744630075 0.18353813559322033 0.030883054892601562 0.13322033898305083
0 0.3089021479713604 0.17506355932203388 0.03325775656324569 0.14169491525423727
0 0.22120525059665871 0.17506355932203388 0.04159904534606193 0.137478813559322
0 0.17943914081145584 0.17082627118644067 0.03681384248210013 0.14595338983050846
0 0.1388782816229117 0.1771822033898305 0.029653937947493925 0.12900423728813556
0 0.09711217183770883 0.17190677966101695 0.03441527446300706 0.12264830508474579
0 0.05713603818615751 0.1623728813559322 0.04276849642004763 0.13747881355932207
0 0.8118496420047733 0.36677966101694914 0.0846539379474941 0.06741525423728813
0 0.6030310262529832 0.3572245762711865 0.039272076372315 0.13309322033898305
0 0.568436754176611 0.3551059322033899 0.03449880668257753 0.1288559322033898
0 0.5236873508353223 0.3572245762711865 0.035680190930787566 0.12463983050847455
0 0.47893794749403346 0.3667584745762712 0.034486873508353194 0.13097457627118642
0 0.39661097852028643 0.3656779661016949 0.04162291169451087 0.13733050847457626
0 0.35484486873508353 0.3709745762711864 0.039236276849642135 0.12675847457627115
0 0.3124821002386635 0.3635593220338983 0.038031026252983165 0.12887711864406776
0 0.27192124105011933 0.35086864406779666 0.030871121718376957 0.12887711864406776
0 0.2259785202863962 0.3656991525423729 0.03443914081145573 0.12463983050847455
0 0.18659904534606206 0.3635593220338983 0.039200477326968866 0.13313559322033894
0 0.14782816229116943 0.3593220338983051 0.04278042959427197 0.12466101694915249
0 0.018389021479713566 0.3625 0.03677804295942713 0.12254237288135587
0 0.8231861575178998 0.6770550847457627 0.033341288782816295 0.12442796610169496
0 0.8273627684964201 0.8126059322033898 0.03453460620525066 0.12434322033898293
0 0.7408472553699285 0.6685805084745763 0.035715990453460696 0.1371398305084746
0 0.6579236276849642 0.691864406779661 0.034510739856801996 0.11171610169491529
0 0.7014797136038186 0.8348305084745763 0.03331742243436763 0.13069915254237274
0 0.6113842482100238 0.6939830508474576 0.036885441527446196 0.12019067796610174
0 0.571420047732697 0.6982203389830508 0.02853221957040569 0.11171610169491529
0 0.6591169451073985 0.8189618644067796 0.03212410501193326 0.12434322033898293
0 0.6173508353221956 0.8263559322033899 0.03927207637231493 0.13493644067796598
0 0.5732100238663485 0.830614406779661 0.036885441527446265 0.12646186440677953
0 0.48967780429594276 0.6685805084745763 0.03447494033412886 0.1371398305084746
0 0.06614558472553693 0.5553389830508475 0.07027446300716002 0.08421610169491525
0 0.40615751789976134 0.6855296610169491 0.0368496420047734 0.1371398305084746
0 0.48967780429594276 0.830614406779661 0.036861575178997595 0.12646186440677953
0 0.44971360381861575 0.8274364406779662 0.04521479713603817 0.1412923728813558
0 0.36140811455847255 0.7119915254237288 0.0404295942720765 0.12230932203389834
0 0.3232219570405728 0.6992796610169492 0.038031026252983165 0.12233050847457629
0 0.28146778042959425 0.6961016949152542 0.03564439140811443 0.1286864406779661
0 0.24149164677804297 0.6886864406779661 0.029665871121718257 0.13504237288135595
0 0.19733890214797137 0.691864406779661 0.03681384248210013 0.13292372881355935
0 0.15260143198090692 0.7077330508474576 0.035620525059665765 0.11809322033898308
0 0.3268019093078759 0.8369491525423729 0.038031026252983165 0.1391737288135592
0 0.28624105011933176 0.8443644067796611 0.038031026252983165 0.13283898305084754
0 0.24089498806682577 0.8327118644067797 0.040405727923627566 0.13072033898305094
0 0.20449880668257758 0.8401271186440679 0.03681384248210013 0.13283898305084754
0 0.07443914081145585 0.8454025423728813 0.04157517899761327 0.14766949152542383
0 0.7462171837708831 0.8284745762711865 0.032136038186157595 0.1306779661016948
0 0.8058830548926015 0.1422457627118644 0.036921241050119395 0.11838983050847457
0 0.22792362768496421 0.04025423728813559 0.07159904534606205 0.08050847457627118
0 0.6430190930787589 0.5287923728813559 0.07152744630071606 0.07368644067796616