0 0.7509952038369305 0.14074468085106384 0.03949640287769791 0.11889361702127658
0 0.706642685851319 0.14072340425531915 0.034688249400479695 0.12314893617021276
0 0.6370983213429255 0.1524255319148936 0.03227817745803366 0.129531914893617
0 0.5927338129496402 0.15561702127659574 0.03466426858513186 0.12740425531914892
0 0.5501798561151079 0.16093617021276596 0.03346522781774577 0.12102127659574467
0 0.5052158273381295 0.15561702127659574 0.03465227817745801 0.12740425531914892
0 0.46684652278177463 0.16838297872340427 0.03225419664268583 0.12740425531914892
0 0.3985131894484413 0.1641063829787234 0.03703836930455647 0.13591489361702128
0 0.34875299760191847 0.17368085106382977 0.03103117505995217 0.1337872340425532
0 0.30199040767386093 0.16517021276595745 0.03341726618705023 0.1422978723404255
0 0.21387290167865708 0.16517021276595745 0.041798561151079015 0.13806382978723403
0 0.1719064748201439 0.16091489361702127 0.0369904076738608 0.14657446808510635
0 0.13115107913669063 0.16729787234042554 0.029796163069544256 0.12955319148936167
0 0.08918465227817746 0.162 0.03458033573141477 0.12317021276595748
0 0.0490167865707434 0.1524255319148936 0.04297362110311741 0.13806382978723408
0 0.8073501199040768 0.3577021276595745 0.08505995203836937 0.06770212765957445
0 0.5975299760191847 0.3481063829787234 0.03946043165467622 0.1336595744680851
0 0.5627697841726619 0.34597872340425534 0.03466426858513186 0.12940425531914893
0 0.5178057553956835 0.3481063829787234 0.0358513189448441 0.1251702127659574
0 0.47284172661870505 0.3576808510638298 0.03465227817745801 0.131531914893617
0 0.39011990407673863 0.35659574468085103 0.04182254196642699 0.13791489361702125
0 0.3481534772182254 0.3619148936170213 0.03942446043165481 0.1272978723404255
0 0.3055875299760192 0.35446808510638295 0.03821342925659459 0.1294255319148936
0 0.26483213429256597 0.34172340425531916 0.031019184652278046 0.1294255319148936
0 0.21866906474820144 0.3566170212765958 0.03460431654676247 0.1251702127659574
0 0.17910071942446043 0.35446808510638295 0.039388489208632985 0.13370212765957443
0 0.14014388489208632 0.35021276595744677 0.042985611510791256 0.12519148936170207
0 0.014388489208633094 0.35319148936170214 0.02877697841726619 0.12340425531914893
0 0.8187410071942447 0.6692978723404255 0.033501199040767454 0.12495744680851067
0 0.822937649880096 0.8054255319148936 0.034700239808153545 0.12487234042553179
0 0.7360071942446044 0.6607872340425531 0.035887290167865786 0.13772340425531918
0 0.6526858513189447 0.6841702127659575 0.034676258992805846 0.11219148936170216
0 0.696450839328537 0.8277446808510639 0.03347721822541975 0.13125531914893604
0 0.6059232613908873 0.6862978723404255 0.03706235011990404 0.12070212765957451
0 0.5657673860911271 0.6905531914893617 0.0286690647482014 0.11219148936170216
0 0.6538848920863308 0.8118085106382978 0.03227817745803366 0.12487234042553179
0 0.6119184652278177 0.8192340425531915 0.03946043165467622 0.13551063829787222
0 0.5675659472422062 0.8235106382978724 0.03706235011990404 0.12699999999999986
0 0.48363309352517986 0.6607872340425531 0.03464028776978416 0.13772340425531918
0 0.16116306954436446 0.5406808510638298 0.07061151079136703 0.08457446808510638
0 0.39971223021582736 0.6778085106382978 0.03702637889688262 0.13772340425531918
0 0.48363309352517986 0.8235106382978724 0.03703836930455634 0.12699999999999986
0 0.4434772182254197 0.8203191489361702 0.045431654676258974 0.14189361702127648
0 0.35474820143884894 0.7043829787234043 0.0406235011990409 0.12282978723404259
0 0.31637889688249404 0.6916170212765957 0.03821342925659459 0.12285106382978725
0 0.2744244604316547 0.6884255319148936 0.03581534772182241 0.1292340425531915
0 0.23425659472422064 0.6809787234042554 0.029808153477218106 0.13561702127659575
0 0.18989208633093527 0.6841702127659575 0.0369904076738608 0.1334893617021277
0 0.14494004796163068 0.7001063829787234 0.03579136690647471 0.11859574468085109
0 0.3199760191846523 0.8298723404255319 0.03821342925659459 0.1397659574468084
0 0.27922062350119903 0.8373191489361702 0.03821342925659459 0.13340425531914904
0 0.23365707434052757 0.8256170212765958 0.040599520383692925 0.13127659574468095
0 0.1970863309352518 0.833063829787234 0.0369904076738608 0.13340425531914904
0 0.06640287769784173 0.8383617021276595 0.041774580335731316 0.14829787234042563
0 0.7414028776978417 0.8213617021276596 0.03229016786570751 0.13123404255319138
0 0.025179856115107913 0.9797872340425532 0.050359712230215826 0.04042553191489362
0 0.797757793764988 0.1343404255319149 0.037098321342925726 0.11889361702127658
0 0.2278177458033573 0.02872340425531915 0.05755395683453238 0.0574468085106383
0 0.695263788968825 0.5310425531914893 0.07187050359712237 0.07399999999999994