0 0.7747387173396675 0.15643459915611815 0.03912114014251788 0.11789029535864978
0 0.7284323040380047 0.15852320675105486 0.03435866983372929 0.1221097046413502
0 0.6524228028503561 0.16168776371308016 0.03197149643705472 0.12843881856540085
0 0.608479809976247 0.15852320675105486 0.03433491686460797 0.12632911392405063
0 0.5710807600950119 0.16379746835443038 0.033147268408551034 0.12
0 0.5229809976247031 0.16274261603375528 0.03432304038004748 0.12632911392405063
0 0.48141330166270785 0.17751054852320675 0.031947743467933463 0.12632911392405063
0 0.413729216152019 0.16272151898734177 0.036686460807600935 0.13476793248945146
0 0.3620665083135392 0.15955696202531644 0.030736342042755473 0.13265822784810125
0 0.31812351543942996 0.15533755274261601 0.03309976247030866 0.1410970464135021
0 0.2320308788598575 0.14478902953586498 0.04140142517814715 0.13689873417721515
0 0.19046318289786224 0.13002109704641351 0.03663895486935856 0.14533755274261603
0 0.14534441805225654 0.14478902953586498 0.02951306413301652 0.12845991561181433
0 0.10733966745843229 0.13953586497890297 0.03425178147268399 0.12213080168776375
0 0.06755344418052256 0.12162447257383965 0.04256532066508304 0.13689873417721518
0 0.8198693586698338 0.38210970464135025 0.08425178147268415 0.0671308016877637
0 0.604916864608076 0.3557172995780591 0.03908551068883607 0.13253164556962024
0 0.5716745843230404 0.3557172995780591 0.03433491686460804 0.12831223628691982
0 0.5295130641330167 0.3409493670886076 0.03551068883610448 0.12411392405063287
0 0.48022565320665084 0.3588818565400844 0.03432304038004748 0.13042194092827003
0 0.404228028503563 0.35358649789029534 0.04142517814726854 0.13675105485232067
0 0.35790973871733966 0.35044303797468357 0.03904988123515452 0.1262236286919831
0 0.31812351543942996 0.33670886075949363 0.03785035629453669 0.1283333333333333
0 0.2718171021377672 0.3367299578059072 0.030724465558194646 0.1283333333333333
0 0.23084323040380048 0.3304008438818566 0.03427553444180511 0.12411392405063287
0 0.19165083135391925 0.334620253164557 0.039014251781472574 0.13257383966244732
0 0.15068883610451306 0.33670886075949363 0.0425771971496436 0.12413502109704636
0 0.019489311163895448 0.3314556962025317 0.03660332541567688 0.12202531645569627
0 0.8228384798099763 0.6868565400843881 0.033182897862232844 0.12390295358649793
0 0.8222446555819478 0.8260548523206751 0.03437054631828985 0.12381856540084375
0 0.7408907363420428 0.6847468354430379 0.0355463182897863 0.1365611814345992
0 0.6547980997624702 0.6910548523206751 0.03434679334916873 0.11124472573839667
0 0.698147268408551 0.8334177215189874 0.033159144893111725 0.13014767932489438
0 0.608479809976247 0.6931645569620253 0.036710213776721984 0.1196835443037975
0 0.5687054631828979 0.6973839662447258 0.028396674584323003 0.11124472573839667
0 0.6559857482185272 0.8176160337552743 0.03197149643705472 0.12381856540084375
0 0.614418052256532 0.8249789029535866 0.039085510688836 0.1343670886075948
0 0.5704869358669834 0.8292194092827004 0.03671021377672205 0.12592827004219398
0 0.4873515439429929 0.6678691983122362 0.03431116389548692 0.1365611814345992
0 0.404228028503563 0.6805274261603376 0.03667458432304051 0.1365611814345992
0 0.4873515439429929 0.8165611814345992 0.036686460807600935 0.12592827004219398
0 0.4463895486935867 0.8176160337552743 0.044999999999999984 0.14069620253164544
0 0.35850356294536817 0.6942194092827004 0.040237529691211534 0.12179324894514772
0 0.321686460807601 0.6900000000000001 0.03785035629453669 0.1218143459915612
0 0.2801306413301663 0.6826160337552742 0.03547505938242267 0.12814345991561182
0 0.23500000000000001 0.6646835443037975 0.0330878859857481 0.13447257383966246
0 0.1987767220902613 0.6573206751054852 0.03663895486935856 0.13236286919831225
0 0.14950118764845605 0.6752320675105485 0.035451306413301555 0.11759493670886077
0 0.321686460807601 0.810210970464135 0.03785035629453669 0.13858649789029523
0 0.28250593824228026 0.8260337552742616 0.03785035629453669 0.13227848101265832
0 0.24093824228028504 0.8123417721518987 0.040213776722090144 0.1301687763713081
0 0.20233966745843232 0.8070464135021097 0.03663895486935856 0.13227848101265832
0 0.06695961995249405 0.805970464135021 0.04137767220902603 0.1470464135021098
0 0.7426722090261283 0.8270886075949367 0.03198337292161528 0.1301265822784809
0 0.8174940617577198 0.16063291139240507 0.03674584323040386 0.11789029535864978
0 0.44876484560570074 0.6688818565400844 0.04980997624703094 0.13031645569620248
0 0.7176840855106887 0.528649789029536 0.06751781472684075 0.11554852320675102