0 0.8317228915662651 0.16875536480686695 0.03486746987951814 0.1134763948497854
0 0.7835301204819277 0.16553648068669527 0.039686746987951875 0.11991416309012874
0 0.7365542168674699 0.1548068669527897 0.034855421686747066 0.12420600858369098
0 0.6678795180722891 0.16660944206008585 0.032433734939759123 0.13064377682403433
0 0.623301204819277 0.16553648068669527 0.03483132530120471 0.1284978540772532
0 0.5817469879518072 0.16446351931330472 0.03362650602409635 0.12206008583690986
0 0.5305421686746988 0.16124463519313303 0.03481927710843371 0.1284978540772532
0 0.4931927710843374 0.16124463519313303 0.03240963855421684 0.1284978540772532
0 0.4233253012048193 0.14836909871244636 0.037216867469879504 0.13708154506437767
0 0.37453012048192774 0.1494420600858369 0.031180722891566398 0.13493562231759657
0 0.32513253012048193 0.1344206008583691 0.033578313253011915 0.143519313304721
0 0.23659036144578313 0.12583690987124463 0.04199999999999988 0.13924892703862665
0 0.19442168674698795 0.11725321888412017 0.03716867469879507 0.1478326180257511
0 0.15226506024096384 0.12583690987124463 0.02993975903614447 0.13066523605150218
0 0.11371084337349396 0.12049356223175965 0.03474698795180713 0.1242274678111588
0 0.07214457831325301 0.1065450643776824 0.043180722891566166 0.13924892703862662
0 0.8269036144578313 0.39293991416309015 0.08546987951807236 0.06828326180257509
0 0.6690843373493975 0.4368884120171674 0.03484337349397599 0.13903433476394855
0 0.6160722891566265 0.35967811158798285 0.03965060240963852 0.13480686695278968
0 0.5787349397590362 0.35538626609442064 0.03483132530120478 0.13051502145922744
0 0.53355421686747 0.3489484978540773 0.03602409638554214 0.126244635193133
0 0.4871686746987952 0.35645922746781117 0.03481927710843371 0.13266094420600857
0 0.4016385542168675 0.35538626609442064 0.0420240963855423 0.1390987124463519
0 0.3606746987951807 0.3457296137339056 0.03961445783132543 0.12839055793991414
0 0.3166987951807229 0.3382188841201717 0.03839759036144565 0.13053648068669524
0 0.27574698795180724 0.3232188841201717 0.03116867469879505 0.13053648068669524
0 0.23297590361445783 0.3232188841201717 0.034771084337349274 0.126244635193133
0 0.1896024096385542 0.310343347639485 0.03957831325301194 0.13484978540772538
0 0.14804819277108433 0.3146351931330472 0.043192771084337236 0.12626609442060094
0 0.018072289156626505 0.30472103004291845 0.03614457831325301 0.12446351931330472
0 0.828710843373494 0.7136480686695279 0.03366265060240971 0.126030042918455
0 0.8244939759036145 0.8466523605150215 0.03486746987951814 0.12594420600858355
0 0.7443734939759037 0.696480686695279 0.036060240963855496 0.13890557939914167
0 0.7437710843373494 0.8520171673819743 0.034855421686747066 0.13667381974248916
0 0.6570361445783132 0.7093562231759657 0.03484337349397599 0.11315450643776828
0 0.6998072289156626 0.8563090128755365 0.03363855421686756 0.13238197424892692
0 0.6124578313253012 0.7007725321888412 0.037240963855421645 0.12173819742489274
0 0.5721084337349398 0.7050643776824035 0.028807228915662612 0.11315450643776828
0 0.6582409638554216 0.8380901287553648 0.032433734939759123 0.12594420600858355
0 0.6112530120481927 0.8434334763948498 0.03965060240963852 0.13667381974248916
0 0.5678915662650603 0.8391630901287553 0.037240963855421645 0.12809012875536469
0 0.4895783132530121 0.6750429184549356 0.03480722891566263 0.13890557939914167
0 0.4468192771084338 0.6825536480686695 0.0336024096385542 0.1410515021459228
0 0.4028433734939759 0.6879184549356223 0.03720481927710843 0.13890557939914167
0 0.4847590361445783 0.8370171673819743 0.037216867469879504 0.12809012875536469
0 0.4432048192771085 0.8209227467811159 0.04565060240963854 0.1431115879828325
0 0.35886746987951806 0.693283261802575 0.04081927710843387 0.12388412017167386
0 0.3191084337349398 0.6804077253218884 0.03839759036144565 0.12390557939914165
0 0.2745421686746988 0.6707510729613734 0.03598795180722878 0.130343347639485
0 0.23056626506024097 0.654656652360515 0.029951807228915543 0.13678111587982836
0 0.19080722891566265 0.6600214592274678 0.03716867469879507 0.13463519313304723
0 0.14563855421686747 0.6718240343347639 0.03596385542168664 0.11961373390557942
0 0.3166987951807229 0.8241416309012876 0.03839759036144565 0.14096566523605136
0 0.27333734939759036 0.8187768240343348 0.03839759036144565 0.13454935622317607
0 0.23116867469879518 0.8069742489270386 0.04079518072289145 0.13240343347639494
0 0.1883975903614458 0.8101931330472103 0.03716867469879507 0.13454935622317607
0 0.05587951807228915 0.7983905579399142 0.04197590361445773 0.14957081545064388