0 0.21526506024096384 0.15053648068669528 0.039686746987951806 0.11991416309012874
0 0.25983132530120484 0.14836909871244636 0.034855421686747 0.12420600858369098
0 0.33091566265060246 0.15158798283261804 0.032433734939758985 0.13064377682403433
0 0.3730843373493976 0.14836909871244636 0.03483132530120478 0.1284978540772532
0 0.4194578313253012 0.15373390557939914 0.03362650602409635 0.12206008583690986
0 0.46825301204819275 0.1526609442060086 0.03481927710843371 0.1284978540772532
0 0.5056024096385542 0.16339055793991417 0.03240963855421684 0.1284978540772532
0 0.5730602409638554 0.13976394849785406 0.037216867469879504 0.13708154506437767
0 0.6314939759036144 0.14942060085836908 0.03118072289156633 0.13493562231759657
0 0.6760722891566265 0.14512875536480685 0.033578313253011915 0.143519313304721
0 0.7634096385542168 0.1258154506437768 0.04199999999999988 0.13924892703862657
0 0.805578313253012 0.11293991416309014 0.03716867469879507 0.14783261802575107
0 0.850144578313253 0.13439914163090128 0.02993975903614447 0.13066523605150213
0 0.8899036144578313 0.1290557939914163 0.03474698795180713 0.12422746781115881
0 0.9302650602409639 0.11083690987124463 0.043180722891566166 0.13924892703862662
0 0.1670722891566265 0.37579399141630904 0.08546987951807229 0.06828326180257509
0 0.38151807228915663 0.3468025751072962 0.03965060240963852 0.13480686695278968
0 0.41885542168674694 0.3489484978540773 0.03483132530120478 0.13051502145922744
0 0.4616265060240964 0.3339270386266095 0.03602409638554214 0.126244635193133
0 0.5019879518072289 0.3457296137339056 0.03481927710843371 0.13266094420600857
0 0.588722891566265 0.3467811158798283 0.042024096385542165 0.1390987124463519
0 0.6357108433734939 0.3435836909871245 0.03961445783132536 0.12839055793991414
0 0.6760722891566265 0.32103004291845494 0.03839759036144565 0.13053648068669524
0 0.7230481927710843 0.32963519313304723 0.03116867469879505 0.13053648068669524
0 0.7622048192771085 0.32105150214592276 0.034771084337349274 0.126244635193133
0 0.805578313253012 0.3103218884120172 0.03957831325301194 0.13484978540772535
0 0.8435180722891567 0.3038841201716738 0.043192771084337236 0.12626609442060088
0 0.9790240963855422 0.3049785407725322 0.03713253012048185 0.12412017167381978
0 0.1640602409638554 0.6857725321888412 0.03366265060240964 0.126030042918455
0 0.1634578313253012 0.8359442060085838 0.03486746987951807 0.12594420600858355
0 0.24719277108433732 0.6836266094420601 0.03606024096385543 0.13890557939914167
0 0.3333253012048193 0.6986266094420601 0.03484337349397586 0.11315450643776828
0 0.2905542168674699 0.8391416309012876 0.03363855421686749 0.13238197424892692
0 0.38151807228915663 0.6921888412017168 0.037240963855421645 0.12173819742489274
0 0.42186746987951806 0.696480686695279 0.028807228915662612 0.11315450643776828
0 0.3333253012048193 0.8295064377682404 0.032433734939758985 0.12594420600858355
0 0.3766987951807229 0.826266094420601 0.03965060240963852 0.13667381974248916
0 0.4200602409638554 0.8305793991416309 0.037240963855421645 0.12809012875536469
0 0.5043975903614457 0.6664592274678112 0.03480722891566263 0.13890557939914167
0 0.588722891566265 0.6793347639484978 0.03720481927710843 0.13890557939914167
0 0.5031927710843374 0.8219957081545065 0.037216867469879504 0.12809012875536469
0 0.5459518072289157 0.8187768240343348 0.04565060240963854 0.1431115879828325
0 0.6351084337349397 0.6932618025751073 0.0408192771084338 0.12388412017167386
0 0.6724578313253012 0.6889699570815451 0.03839759036144565 0.12390557939914165
0 0.7170240963855422 0.6557296137339056 0.03598795180722878 0.130343347639485
0 0.7603975903614458 0.6632188841201717 0.033566265060240845 0.13678111587982836
0 0.805578313253012 0.662167381974249 0.03716867469879507 0.13463519313304723
0 0.8519518072289156 0.6718025751072961 0.03596385542168664 0.11961373390557942
0 0.6724578313253012 0.8112446351931331 0.03839759036144565 0.14096566523605136
0 0.7206385542168675 0.8144635193133047 0.03839759036144565 0.13454935622317607
0 0.7603975903614458 0.8026824034334764 0.04079518072289145 0.13240343347639494
0 0.8031686746987952 0.8080257510729614 0.03716867469879507 0.13454935622317607
0 0.9380963855421687 0.7962017167381974 0.04197590361445773 0.14957081545064388
0 0.2453855421686747 0.8348497854077254 0.03244578313253013 0.13236051502145912
0 0.16948192771084336 0.15051502145922746 0.03727710843373494 0.11991416309012874
0 0.5435421686746987 0.6674892703862662 0.05053012048192777 0.13255364806866948
0 0.32374698795180723 0.503412017167382 0.05403614457831328 0.13469957081545067