0 0.18785371702637887 0.1545531914893617 0.034700239808153475 0.11251063829787233
0 0.23101918465227816 0.15561702127659574 0.03949640287769784 0.11889361702127658
0 0.28136690647482016 0.14497872340425533 0.034688249400479626 0.12314893617021276
0 0.35211031175059954 0.1545531914893617 0.032278177458033526 0.129531914893617
0 0.3916786570743406 0.15136170212765956 0.03466426858513186 0.12740425531914892
0 0.43423261390887286 0.1545531914893617 0.03346522781774577 0.12102127659574467
0 0.48399280575539566 0.14710638297872342 0.03465227817745801 0.12740425531914892
0 0.5235611510791367 0.15136170212765956 0.03225419664268583 0.12740425531914892
0 0.5918944844124701 0.13859574468085106 0.03703836930455634 0.13591489361702128
0 0.6428537170263788 0.13327659574468084 0.03103117505995217 0.1337872340425532
0 0.6920143884892086 0.12476595744680852 0.03341726618705023 0.1422978723404255
0 0.7801318944844124 0.11625531914893616 0.041798561151079015 0.13806382978723408
0 0.8232973621103118 0.10774468085106383 0.0369904076738608 0.1465744680851064
0 0.864052757793765 0.11838297872340425 0.029796163069544256 0.12955319148936173
0 0.903621103117506 0.11095744680851063 0.03458033573141477 0.12317021276595745
0 0.94378896882494 0.09925531914893616 0.04297362110311741 0.13806382978723405
0 0.1866546762589928 0.38108510638297877 0.0850599520383693 0.06770212765957445
0 0.344916067146283 0.37151063829787234 0.03467625899280571 0.1378510638297873
0 0.3964748201438849 0.3481063829787234 0.03946043165467622 0.1336595744680851
0 0.4372302158273381 0.34597872340425534 0.03466426858513186 0.12940425531914893
0 0.47859712230215823 0.337468085106383 0.0358513189448441 0.1251702127659574
0 0.5247601918465228 0.3449148936170213 0.03465227817745801 0.131531914893617
0 0.6098800959232614 0.34385106382978725 0.04182254196642692 0.13791489361702125
0 0.6506474820143885 0.3342765957446809 0.03942446043165481 0.1272978723404255
0 0.6944124700239808 0.3268297872340426 0.03821342925659459 0.1294255319148936
0 0.7351678657074341 0.3119574468085107 0.031019184652278046 0.1294255319148936
0 0.7777338129496403 0.3119574468085107 0.03460431654676247 0.1251702127659574
0 0.8208992805755395 0.29919148936170215 0.039388489208632985 0.1337021276595745
0 0.8622541966426859 0.3034468085106383 0.042985611510791256 0.12519148936170216
0 0.986810551558753 0.2936170212765957 0.026378896882494004 0.12340425531914893
0 0.18485611510791367 0.699063829787234 0.033501199040767385 0.12495744680851067
0 0.189052757793765 0.830936170212766 0.034700239808153475 0.12487234042553179
0 0.26878896882494 0.6820425531914893 0.03588729016786572 0.13772340425531918
0 0.26938848920863306 0.8362553191489362 0.034688249400479626 0.13551063829787222
0 0.35570743405275784 0.6948085106382978 0.03467625899280571 0.11219148936170216
0 0.3131414868105516 0.8405106382978724 0.03347721822541965 0.13125531914893604
0 0.4000719424460432 0.6862978723404255 0.03706235011990404 0.12070212765957451
0 0.44022781774580333 0.6905531914893617 0.0286690647482014 0.11219148936170216
0 0.35450839328537176 0.8224468085106383 0.032278177458033526 0.12487234042553179
0 0.4012709832134293 0.8277446808510639 0.03946043165467622 0.13551063829787222
0 0.4444244604316546 0.8235106382978724 0.03706235011990404 0.12699999999999986
0 0.5259592326139089 0.6629148936170213 0.03464028776978416 0.13772340425531918
0 0.5673141486810551 0.6682340425531915 0.03344124700239807 0.13985106382978726
0 0.6086810551558752 0.6735531914893617 0.03702637889688256 0.13772340425531918
0 0.527158273381295 0.8213829787234043 0.03703836930455634 0.12699999999999986
0 0.5685131894484412 0.8054255319148936 0.045431654676258974 0.14189361702127648
0 0.6524460431654676 0.6788723404255319 0.0406235011990409 0.12282978723404259
0 0.6920143884892086 0.6661063829787234 0.03821342925659459 0.12285106382978725
0 0.7363669064748202 0.656531914893617 0.03581534772182241 0.1292340425531915
0 0.7801318944844124 0.6405744680851063 0.029808153477218106 0.13561702127659575
0 0.8197002398081534 0.6458936170212766 0.0369904076738608 0.1334893617021277
0 0.864652278177458 0.657595744680851 0.03579136690647471 0.11859574468085109
0 0.6944124700239808 0.8086170212765957 0.03821342925659459 0.1397659574468084
0 0.7375659472422063 0.8032978723404256 0.03821342925659459 0.13340425531914904
0 0.7795323741007194 0.7915957446808511 0.040599520383692925 0.13127659574468095
0 0.8220983213429257 0.7947872340425532 0.0369904076738608 0.13340425531914904
0 0.9539808153477218 0.7830851063829788 0.041774580335731316 0.14829787234042563