0 0.8207210401891254 0.1673109243697479 0.034208037825059164 0.1110924369747899
0 0.7758037825059102 0.17256302521008404 0.03893617021276602 0.11739495798319327
0 0.7297163120567376 0.16205882352941176 0.03419621749408991 0.12159663865546218
0 0.6599763593380613 0.16521008403361345 0.03182033096926722 0.12789915966386553
0 0.616241134751773 0.16415966386554623 0.0341725768321512 0.12579831932773108
0 0.5754728132387708 0.163109243697479 0.03299054373522455 0.11949579831932772
0 0.5252364066193854 0.1599579831932773 0.034160756501182006 0.12579831932773108
0 0.48859338061465724 0.1599579831932773 0.03179669030732858 0.12579831932773108
0 0.4200472813238771 0.1473529411764706 0.036513002364066176 0.1342016806722689
0 0.3721749408983452 0.14840336134453783 0.030591016548463485 0.13210084033613445
0 0.3237115839243499 0.13369747899159665 0.03294326241134739 0.14050420168067226
0 0.23684397163120569 0.12529411764705883 0.04120567375886513 0.13632352941176473
0 0.1954728132387707 0.116890756302521 0.03646572104018902 0.14472689075630255
0 0.15411347517730495 0.12529411764705883 0.029373522458628735 0.12792016806722692
0 0.11628841607565012 0.12006302521008404 0.03408983451536633 0.12161764705882352
0 0.07550827423167848 0.10640756302521008 0.04236406619385333 0.1363235294117647
0 0.8207210401891254 0.3972899159663866 0.08385342789598116 0.06684873949579831
0 0.6599763593380613 0.36890756302521005 0.034184397163120654 0.13611344537815132
0 0.6126950354609928 0.35422268907563026 0.038900709219858054 0.13197478991596637
0 0.576063829787234 0.35002100840336137 0.03417257683215126 0.12777310924369747
0 0.532919621749409 0.343718487394958 0.03534278959810872 0.12359243697478989
0 0.4874113475177305 0.34897058823529414 0.034160756501182006 0.12987394957983192
0 0.40349881796690307 0.35002100840336137 0.04122931442080391 0.1361764705882353
0 0.3633096926713948 0.34056722689075636 0.038865248226950484 0.12569327731092433
0 0.31898345153664304 0.3311134453781513 0.03767139479905424 0.12779411764705878
0 0.2799881796690307 0.3185294117647059 0.03057919621749396 0.12779411764705878
0 0.2380260047281324 0.32063025210084034 0.03411347517730485 0.12359243697478989
0 0.19783687943262412 0.30592436974789916 0.03882978723404244 0.13201680672268915
0 0.1547044917257683 0.30592436974789916 0.04237588652482259 0.12361344537815133
0 0.03001182033096925 0.29436974789915965 0.0364420803782505 0.12151260504201687
0 0.8177659574468086 0.7007563025210084 0.033026004728132455 0.12338235294117651
0 0.8136288416075651 0.8309663865546218 0.034208037825059164 0.12329831932773097
0 0.7350236406619386 0.6839495798319328 0.035378250591016625 0.13598739495798323
0 0.6540661938534278 0.6944537815126051 0.034184397163120654 0.11077731092436979
0 0.6913002364066193 0.840420168067227 0.03300236406619394 0.12960084033613434
0 0.6056028368794325 0.6881512605042017 0.03653664302600462 0.1191806722689076
0 0.566016548463357 0.6923529411764706 0.028262411347517693 0.11077731092436979
0 0.6505200945626477 0.8225840336134455 0.03182033096926722 0.12329831932773097
0 0.6044208037825058 0.8278151260504202 0.038900709219858116 0.13380252100840323
0 0.5618794326241136 0.8236344537815127 0.03653664302600469 0.12539915966386542
0 0.4850472813238771 0.6629621848739495 0.03414893617021275 0.13598739495798323
0 0.443096926713948 0.6703151260504202 0.032966903073286036 0.13808823529411768
0 0.3999527186761229 0.6755672268907563 0.03650118203309705 0.13598739495798323
0 0.4803191489361702 0.8215336134453782 0.036513002364066176 0.12539915966386542
0 0.43955082742316787 0.8057773109243698 0.04478723404255318 0.1401050420168066
0 0.3568085106382979 0.6808193277310924 0.0400472813238772 0.12128151260504205
0 0.3178014184397163 0.6682142857142856 0.03767139479905424 0.12130252100840339
0 0.27526004728132386 0.6566596638655462 0.03530732860520082 0.12760504201680675
0 0.23684397163120569 0.6367016806722688 0.02938534278959799 0.1339075630252101
0 0.19192671394799055 0.6482563025210084 0.03646572104018902 0.13180672268907564
0 0.14761229314420804 0.6598109243697479 0.0352836879432623 0.11710084033613448
0 0.3154373522458629 0.8089285714285714 0.03767139479905424 0.13800420168067215
0 0.27289598108747043 0.8036764705882353 0.03767139479905424 0.13172268907563034
0 0.23152482269503546 0.7921218487394959 0.04002364066193841 0.1296218487394959
0 0.18956264775413711 0.7952731092436975 0.03646572104018902 0.13172268907563034
0 0.06546099290780141 0.7711134453781513 0.04118203309692662 0.14642857142857152
0 0.7239952718676123 0.9653361344537815 0.06264775413711583 0.06932773109243698