0 0.2345421686746988 0.15697424892703865 0.039686746987951806 0.11991416309012874
0 0.27910843373493976 0.1548068669527897 0.034855421686747 0.12420600858369098
0 0.3501927710843374 0.15802575107296138 0.032433734939758985 0.13064377682403433
0 0.39236144578313253 0.1548068669527897 0.03483132530120478 0.1284978540772532
0 0.4387349397590361 0.16017167381974248 0.03362650602409635 0.12206008583690986
0 0.4875301204819277 0.15909871244635193 0.03481927710843371 0.1284978540772532
0 0.5248795180722892 0.1698283261802575 0.03240963855421684 0.1284978540772532
0 0.5923373493975903 0.1462017167381974 0.037216867469879504 0.13708154506437767
0 0.6459518072289157 0.14083690987124461 0.031180722891566398 0.13493562231759657
0 0.6929397590361446 0.1386909871244635 0.033578313253011915 0.143519313304721
0 0.7826867469879518 0.13225321888412017 0.04199999999999988 0.13924892703862657
0 0.824855421686747 0.11937768240343348 0.03716867469879507 0.14783261802575107
0 0.8694216867469879 0.14083690987124461 0.02993975903614447 0.13066523605150213
0 0.9091807228915663 0.13549356223175965 0.03474698795180713 0.12422746781115881
0 0.9495421686746988 0.11727467811158798 0.043180722891566166 0.13924892703862662
0 0.18634939759036143 0.38223175965665235 0.08546987951807229 0.06828326180257509
0 0.4007951807228916 0.35324034334763954 0.03965060240963852 0.13480686695278968
0 0.4381325301204819 0.35538626609442064 0.03483132530120478 0.13051502145922744
0 0.4809036144578313 0.3403648068669528 0.03602409638554214 0.126244635193133
0 0.5212650602409639 0.35216738197424896 0.03481927710843371 0.13266094420600857
0 0.608 0.35321888412017166 0.042024096385542234 0.1390987124463519
0 0.6549879518072289 0.35002145922746786 0.03961445783132543 0.12839055793991414
0 0.6953493975903614 0.32746781115879825 0.03839759036144565 0.13053648068669524
0 0.7423253012048193 0.3360729613733906 0.03116867469879505 0.13053648068669524
0 0.7814819277108433 0.32748927038626613 0.034771084337349274 0.126244635193133
0 0.824855421686747 0.31675965665236056 0.03957831325301194 0.13484978540772535
0 0.8627951807228915 0.3103218884120172 0.043192771084337236 0.12626609442060088
0 0.9897590361445783 0.3111587982832618 0.020481927710843374 0.12446351931330472
0 0.18333734939759036 0.6922103004291845 0.03366265060240964 0.126030042918455
0 0.18273493975903612 0.842381974248927 0.03486746987951807 0.12594420600858355
0 0.2664698795180723 0.6900643776824035 0.03606024096385543 0.13890557939914167
0 0.35260240963855427 0.7050643776824035 0.03484337349397586 0.11315450643776828
0 0.30983132530120483 0.8455793991416309 0.033638554216867456 0.13238197424892692
0 0.4007951807228916 0.6986266094420601 0.037240963855421645 0.12173819742489274
0 0.441144578313253 0.7029184549356223 0.028807228915662612 0.11315450643776828
0 0.35260240963855427 0.8359442060085838 0.032433734939758985 0.12594420600858355
0 0.39597590361445784 0.8327038626609442 0.03965060240963852 0.13667381974248916
0 0.43933734939759034 0.8370171673819743 0.037240963855421645 0.12809012875536469
0 0.5236746987951807 0.6728969957081545 0.03480722891566263 0.13890557939914167
0 0.608 0.6857725321888412 0.037204819277108496 0.13890557939914167
0 0.5224698795180722 0.8284334763948498 0.037216867469879504 0.12809012875536469
0 0.5652289156626505 0.8252145922746781 0.04565060240963854 0.1431115879828325
0 0.6543855421686747 0.6996995708154506 0.04081927710843387 0.12388412017167386
0 0.6917349397590361 0.6954077253218884 0.03839759036144565 0.12390557939914165
0 0.7363012048192771 0.662167381974249 0.03598795180722878 0.130343347639485
0 0.7796746987951807 0.6696566523605151 0.033566265060240845 0.13678111587982836
0 0.824855421686747 0.6686051502145922 0.03716867469879507 0.13463519313304723
0 0.8712289156626506 0.6782403433476395 0.03596385542168664 0.11961373390557942
0 0.6917349397590361 0.8176824034334764 0.03839759036144565 0.14096566523605136
0 0.7399156626506024 0.8209012875536481 0.03839759036144565 0.13454935622317607
0 0.7796746987951807 0.8091201716738198 0.04079518072289145 0.13240343347639494
0 0.8224457831325301 0.8144635193133047 0.03716867469879507 0.13454935622317607
0 0.9573734939759037 0.8026394849785408 0.04197590361445773 0.14957081545064388
0 0.2646626506024096 0.8412875536480687 0.03244578313253013 0.13236051502145912
0 0.18875903614457828 0.15695278969957083 0.03727710843373494 0.11991416309012874
0 0.5628192771084337 0.6739270386266095 0.05053012048192777 0.13255364806866948
0 0.34302409638554215 0.5098497854077254 0.05403614457831328 0.13469957081545067