0 0.7545923261390888 0.13436170212765958 0.03949640287769791 0.11889361702127658
0 0.7090407673860911 0.13646808510638297 0.034688249400479695 0.12314893617021276
0 0.6394964028776977 0.14391489361702128 0.03227817745803366 0.129531914893617
0 0.6011270983213429 0.13859574468085106 0.03466426858513186 0.12740425531914892
0 0.5585731414868106 0.15880851063829787 0.03346522781774577 0.12102127659574467
0 0.5100119904076739 0.15561702127659574 0.03465227817745801 0.12740425531914892
0 0.47404076738609113 0.16625531914893618 0.03225419664268583 0.12740425531914892
0 0.4021103117505995 0.15772340425531914 0.03703836930455647 0.13591489361702128
0 0.34995203836930455 0.1566595744680851 0.03103117505995217 0.1337872340425532
0 0.3055875299760192 0.14814893617021277 0.03341726618705023 0.1422978723404255
0 0.21507194244604316 0.14814893617021277 0.041798561151079015 0.13806382978723403
0 0.17310551558752998 0.14602127659574468 0.0369904076738608 0.14657446808510635
0 0.13354916067146283 0.1566595744680851 0.029796163069544256 0.12955319148936167
0 0.09278177458033572 0.15348936170212765 0.03458033573141477 0.12317021276595748
0 0.05741007194244604 0.13540425531914893 0.04297362110311741 0.13806382978723408
0 0.8073501199040768 0.3555744680851064 0.08505995203836937 0.06770212765957445
0 0.5975299760191847 0.34597872340425534 0.03946043165467622 0.1336595744680851
0 0.5627697841726619 0.34385106382978725 0.03466426858513186 0.12940425531914893
0 0.5178057553956835 0.34597872340425534 0.0358513189448441 0.1251702127659574
0 0.47284172661870505 0.3555531914893617 0.03465227817745801 0.131531914893617
0 0.39011990407673863 0.35446808510638295 0.04182254196642699 0.13791489361702125
0 0.3481534772182254 0.3597872340425532 0.03942446043165481 0.1272978723404255
0 0.3079856115107914 0.3417021276595745 0.03821342925659459 0.1294255319148936
0 0.26603117505995205 0.3247021276595745 0.031019184652278046 0.1294255319148936
0 0.21986810551558753 0.34172340425531916 0.03460431654676247 0.1251702127659574
0 0.1826978417266187 0.3332127659574468 0.039388489208632985 0.13370212765957454
0 0.14014388489208632 0.3417021276595745 0.042985611510791256 0.12519148936170207
0 0.014388489208633094 0.33191489361702126 0.02877697841726619 0.12340425531914893
0 0.8187410071942447 0.6671702127659574 0.033501199040767454 0.12495744680851067
0 0.822937649880096 0.8032978723404256 0.034700239808153545 0.12487234042553179
0 0.7360071942446044 0.6586595744680851 0.035887290167865786 0.13772340425531918
0 0.6526858513189447 0.6820425531914893 0.034676258992805846 0.11219148936170216
0 0.696450839328537 0.8256170212765958 0.03347721822541975 0.13125531914893604
0 0.6059232613908873 0.6841702127659575 0.03706235011990404 0.12070212765957451
0 0.5657673860911271 0.6884255319148936 0.0286690647482014 0.11219148936170216
0 0.6538848920863308 0.8096808510638298 0.03227817745803366 0.12487234042553179
0 0.6119184652278177 0.8171063829787234 0.03946043165467622 0.13551063829787222
0 0.5675659472422062 0.8213829787234043 0.03706235011990404 0.12699999999999986
0 0.48363309352517986 0.6586595744680851 0.03464028776978416 0.13772340425531918
0 0.39971223021582736 0.6756808510638298 0.03702637889688262 0.13772340425531918
0 0.48363309352517986 0.8086170212765957 0.03703836930455634 0.12699999999999986
0 0.4422781774580336 0.8096808510638298 0.045431654676258974 0.14189361702127648
0 0.35354916067146286 0.6852340425531915 0.0406235011990409 0.12282978723404259
0 0.31637889688249404 0.6809787234042554 0.03821342925659459 0.12285106382978725
0 0.2744244604316547 0.6735319148936171 0.03581534772182241 0.1292340425531915
0 0.23425659472422064 0.6618297872340425 0.029808153477218106 0.13561702127659575
0 0.18989208633093527 0.6650212765957447 0.0369904076738608 0.1334893617021277
0 0.14733812949640288 0.6852127659574468 0.03579136690647471 0.11859574468085109
0 0.3199760191846523 0.8277446808510639 0.03821342925659459 0.1397659574468084
0 0.27682254196642686 0.8181702127659575 0.03821342925659459 0.13340425531914904
0 0.23485611510791368 0.8043617021276596 0.040599520383692925 0.13127659574468095
0 0.1982853717026379 0.8160425531914894 0.0369904076738608 0.13340425531914904
0 0.06520383693045563 0.8192127659574467 0.041774580335731316 0.14829787234042563
0 0.7414028776978417 0.8192340425531915 0.03229016786570751 0.13123404255319138
0 0.8013549160671464 0.13008510638297874 0.037098321342925726 0.11889361702127658
0 0.4434772182254197 0.581 0.05028776978417273 0.1314255319148936