0 0.745 0.14500000000000002 0.03949640287769791 0.11889361702127658
0 0.7006474820143885 0.14497872340425533 0.034688249400479695 0.12314893617021276
0 0.6311031175059951 0.15668085106382978 0.03227817745803366 0.129531914893617
0 0.5867386091127098 0.15987234042553192 0.03466426858513186 0.12740425531914892
0 0.5441846522781775 0.16519148936170214 0.03346522781774577 0.12102127659574467
0 0.49922062350119906 0.15987234042553192 0.03465227817745801 0.12740425531914892
0 0.46085131894484416 0.17263829787234042 0.03225419664268583 0.12740425531914892
0 0.3925179856115108 0.16836170212765955 0.03703836930455647 0.13591489361702128
0 0.34275779376498805 0.17793617021276595 0.03103117505995217 0.1337872340425532
0 0.29599520383693045 0.1694255319148936 0.03341726618705023 0.1422978723404255
0 0.20787769784172663 0.1694255319148936 0.041798561151079015 0.13806382978723403
0 0.16591127098321343 0.16517021276595745 0.0369904076738608 0.14657446808510635
0 0.1251558752997602 0.17155319148936168 0.029796163069544256 0.12955319148936167
0 0.083189448441247 0.16625531914893618 0.03458033573141477 0.12317021276595748
0 0.043021582733812944 0.15668085106382978 0.04297362110311741 0.13806382978723408
0 0.8013549160671464 0.36195744680851066 0.08505995203836937 0.06770212765957445
0 0.5915347721822541 0.3523617021276596 0.03946043165467622 0.1336595744680851
0 0.5567745803357315 0.3502340425531915 0.03466426858513186 0.12940425531914893
0 0.511810551558753 0.3523617021276596 0.0358513189448441 0.1251702127659574
0 0.46684652278177463 0.361936170212766 0.03465227817745801 0.131531914893617
0 0.38412470023980816 0.3608510638297872 0.04182254196642699 0.13791489361702125
0 0.34215827338129495 0.36617021276595746 0.03942446043165481 0.1272978723404255
0 0.29959232613908876 0.3587234042553191 0.03821342925659459 0.1294255319148936
0 0.2588369304556355 0.34597872340425534 0.031019184652278046 0.1294255319148936
0 0.212673860911271 0.36087234042553196 0.03460431654676247 0.1251702127659574
0 0.17310551558752998 0.3587234042553191 0.039388489208632985 0.13370212765957443
0 0.13414868105515587 0.35446808510638295 0.042985611510791256 0.12519148936170207
0 0.011390887290167866 0.3574468085106383 0.022781774580335732 0.12340425531914893
0 0.8127458033573142 0.6735531914893617 0.033501199040767454 0.12495744680851067
0 0.8169424460431656 0.8096808510638298 0.034700239808153545 0.12487234042553179
0 0.730011990407674 0.6650425531914893 0.035887290167865786 0.13772340425531918
0 0.6466906474820143 0.6884255319148936 0.034676258992805846 0.11219148936170216
0 0.6904556354916066 0.8320000000000001 0.03347721822541975 0.13125531914893604
0 0.5999280575539568 0.6905531914893617 0.03706235011990404 0.12070212765957451
0 0.5597721822541967 0.6948085106382978 0.0286690647482014 0.11219148936170216
0 0.6478896882494004 0.816063829787234 0.03227817745803366 0.12487234042553179
0 0.6059232613908873 0.8234893617021277 0.03946043165467622 0.13551063829787222
0 0.5615707434052758 0.8277659574468086 0.03706235011990404 0.12699999999999986
0 0.47763788968824944 0.6650425531914893 0.03464028776978416 0.13772340425531918
0 0.10482014388489204 0.5513191489361702 0.07061151079136703 0.08457446808510638
0 0.3937170263788969 0.682063829787234 0.03702637889688262 0.13772340425531918
0 0.47763788968824944 0.8277659574468086 0.03703836930455634 0.12699999999999986
0 0.4374820143884892 0.8245744680851064 0.045431654676258974 0.14189361702127648
0 0.34875299760191847 0.7086382978723405 0.0406235011990409 0.12282978723404259
0 0.31038369304556357 0.6958723404255319 0.03821342925659459 0.12285106382978725
0 0.2684292565947242 0.6926808510638298 0.03581534772182241 0.1292340425531915
0 0.22826139088729017 0.6852340425531915 0.029808153477218106 0.13561702127659575
0 0.1838968824940048 0.6884255319148936 0.0369904076738608 0.1334893617021277
0 0.13894484412470023 0.7043617021276596 0.03579136690647471 0.11859574468085109
0 0.3139808153477218 0.8341276595744681 0.03821342925659459 0.1397659574468084
0 0.2732254196642686 0.8415744680851064 0.03821342925659459 0.13340425531914904
0 0.22766187050359712 0.8298723404255319 0.040599520383692925 0.13127659574468095
0 0.19109112709832135 0.8373191489361702 0.0369904076738608 0.13340425531914904
0 0.06040767386091127 0.8426170212765957 0.041774580335731316 0.14829787234042563
0 0.7354076738609113 0.8256170212765958 0.03229016786570751 0.13123404255319138
0 0.7917625899280576 0.13859574468085106 0.037098321342925726 0.11889361702127658
0 0.22182254196642687 0.030851063829787233 0.05755395683453238 0.06170212765957447
0 0.6604916067146284 0.5331702127659574 0.07187050359712237 0.07400000000000007