0 0.23101918465227816 0.15138297872340425 0.03949640287769784 0.11889361702127658
0 0.27776978417266185 0.1492340425531915 0.034688249400479626 0.12314893617021276
0 0.34971223021582737 0.15668085106382978 0.032278177458033526 0.129531914893617
0 0.38808153477218227 0.15561702127659574 0.03466426858513186 0.12740425531914892
0 0.42823741007194244 0.16093617021276596 0.03346522781774577 0.12102127659574467
0 0.47919664268585127 0.16625531914893618 0.03465227817745801 0.12740425531914892
0 0.5163669064748201 0.1747659574468085 0.03225419664268583 0.12740425531914892
0 0.5847002398081534 0.15985106382978723 0.03703836930455634 0.13591489361702128
0 0.6368585131894484 0.1566595744680851 0.03103117505995217 0.1337872340425532
0 0.6884172661870503 0.15878723404255318 0.03341726618705023 0.1422978723404255
0 0.7705395683453238 0.15240425531914892 0.041798561151079015 0.13806382978723403
0 0.8161031175059952 0.1417659574468085 0.0369904076738608 0.14657446808510635
0 0.8556594724220623 0.1566595744680851 0.029796163069544256 0.1295531914893617
0 0.8952278177458034 0.15136170212765956 0.03458033573141477 0.12317021276595747
0 0.9365947242206235 0.14604255319148937 0.04297362110311741 0.13806382978723408
0 0.17826139088729015 0.37472340425531914 0.0850599520383693 0.06770212765957445
0 0.3916786570743406 0.3544893617021277 0.03946043165467622 0.1336595744680851
0 0.4252398081534772 0.3544893617021277 0.03466426858513186 0.12940425531914893
0 0.4726019184652278 0.34597872340425534 0.0358513189448441 0.1251702127659574
0 0.5175659472422062 0.3576808510638298 0.03465227817745801 0.131531914893617
0 0.6038848920863309 0.3651063829787234 0.04182254196642692 0.13791489361702125
0 0.6434532374100719 0.3512978723404256 0.03942446043165481 0.1272978723404255
0 0.6860191846522782 0.35234042553191486 0.03821342925659459 0.1294255319148936
0 0.7279736211031175 0.3353404255319149 0.031019184652278046 0.1294255319148936
0 0.7717386091127099 0.34172340425531916 0.03460431654676247 0.1251702127659574
0 0.8089088729016787 0.3332127659574468 0.039388489208632985 0.1337021276595745
0 0.8502637889688249 0.3353191489361702 0.042985611510791256 0.12519148936170207
0 0.9826139088729017 0.3425531914893617 0.03477218225419664 0.12340425531914893
0 0.1752637889688249 0.6778085106382978 0.033501199040767385 0.12495744680851067
0 0.1710671462829736 0.8224468085106383 0.034700239808153475 0.12487234042553179
0 0.2579976019184652 0.6692978723404255 0.03588729016786572 0.13772340425531918
0 0.3413189448441247 0.6926808510638298 0.03467625899280571 0.11219148936170216
0 0.2975539568345324 0.8362553191489362 0.03347721822541965 0.13125531914893604
0 0.38808153477218227 0.6948085106382978 0.03706235011990404 0.12070212765957451
0 0.42823741007194244 0.699063829787234 0.0286690647482014 0.11219148936170216
0 0.34011990407673864 0.8203191489361702 0.032278177458033526 0.12487234042553179
0 0.38208633093525185 0.8277446808510639 0.03946043165467622 0.13551063829787222
0 0.42643884892086326 0.8320212765957447 0.03706235011990404 0.12699999999999986
0 0.5103717026378897 0.6692978723404255 0.03464028776978416 0.13772340425531918
0 0.5942925659472422 0.6863191489361702 0.03702637889688249 0.13772340425531918
0 0.5103717026378897 0.8192553191489362 0.03703836930455634 0.12699999999999986
0 0.5517266187050359 0.8203191489361702 0.045431654676258974 0.14189361702127648
0 0.6404556354916067 0.6958723404255319 0.0406235011990409 0.12282978723404259
0 0.6776258992805755 0.6916170212765957 0.03821342925659459 0.12285106382978725
0 0.7195803357314149 0.6841702127659575 0.03581534772182241 0.1292340425531915
0 0.7597482014388489 0.672468085106383 0.029808153477218106 0.13561702127659575
0 0.8029136690647481 0.6756595744680851 0.0369904076738608 0.1334893617021277
0 0.8478657074340528 0.674595744680851 0.03579136690647471 0.11859574468085109
0 0.6764268585131894 0.8298723404255319 0.03821342925659459 0.1397659574468084
0 0.7171822541966427 0.828808510638298 0.03821342925659459 0.13340425531914904
0 0.7591486810551559 0.8150000000000001 0.040599520383692925 0.13127659574468095
0 0.7981175059952038 0.8096595744680851 0.0369904076738608 0.13340425531914904
0 0.93 0.8192127659574467 0.041774580335731316 0.14829787234042563
0 0.2526019184652278 0.8298723404255319 0.032290167865707445 0.13123404255319138
0 0.18185851318944843 0.15136170212765956 0.03709832134292566 0.11889361702127658
0 0.5493285371702638 0.6703191489361703 0.05028776978417273 0.1314255319148936
0 0.7777338129496403 0.4959574468085106 0.08495203836930444 0.0633829787234043