0 0.18065947242206234 0.16944680851063829 0.034700239808153475 0.11251063829787233
0 0.2262230215827338 0.1747659574468085 0.03949640287769784 0.11889361702127658
0 0.2729736211031175 0.1641276595744681 0.034688249400479626 0.12314893617021276
0 0.3437170263788969 0.16731914893617023 0.032278177458033526 0.129531914893617
0 0.38808153477218227 0.16625531914893618 0.03466426858513186 0.12740425531914892
0 0.4294364508393285 0.16519148936170214 0.03346522781774577 0.12102127659574467
0 0.4803956834532374 0.162 0.03465227817745801 0.12740425531914892
0 0.5175659472422062 0.162 0.03225419664268583 0.12740425531914892
0 0.5870983213429256 0.1492340425531915 0.03703836930455634 0.13591489361702128
0 0.6356594724220623 0.15029787234042552 0.03103117505995217 0.1337872340425532
0 0.6848201438848921 0.13540425531914893 0.03341726618705023 0.1422978723404255
0 0.772937649880096 0.1268936170212766 0.041798561151079015 0.13806382978723408
0 0.8149040767386091 0.11838297872340425 0.0369904076738608 0.1465744680851064
0 0.8568585131894485 0.1268936170212766 0.029796163069544256 0.12955319148936173
0 0.8952278177458034 0.12159574468085106 0.03458033573141477 0.12317021276595745
0 0.9365947242206235 0.1077659574468085 0.04297362110311741 0.13806382978723405
0 0.17946043165467623 0.4023617021276596 0.0850599520383693 0.06770212765957445
0 0.3425179856115108 0.43529787234042555 0.03467625899280571 0.1378510638297873
0 0.3916786570743406 0.35874468085106387 0.03946043165467622 0.1336595744680851
0 0.4288369304556355 0.3544893617021277 0.03466426858513186 0.12940425531914893
0 0.4726019184652278 0.3481063829787234 0.0358513189448441 0.1251702127659574
0 0.5187649880095923 0.3534255319148936 0.03465227817745801 0.131531914893617
0 0.6038848920863309 0.3544893617021277 0.04182254196642692 0.13791489361702125
0 0.6446522781774581 0.3449148936170213 0.03942446043165481 0.1272978723404255
0 0.6896163069544364 0.3353404255319149 0.03821342925659459 0.1294255319148936
0 0.7291726618705036 0.32259574468085106 0.031019184652278046 0.1294255319148936
0 0.7717386091127099 0.32472340425531915 0.03460431654676247 0.1251702127659574
0 0.8125059952038369 0.3098297872340426 0.039388489208632985 0.1337021276595745
0 0.8562589928057553 0.3098297872340426 0.042985611510791256 0.12519148936170216
0 0.9862110311750599 0.30425531914893617 0.027577937649880094 0.12340425531914893
0 0.18365707434052755 0.7097021276595745 0.033501199040767385 0.12495744680851067
0 0.18785371702637887 0.8415744680851064 0.034700239808153475 0.12487234042553179
0 0.26758992805755394 0.6926808510638298 0.03588729016786572 0.13772340425531918
0 0.26339328537170265 0.8617872340425532 0.034688249400479626 0.13551063829787222
0 0.34971223021582737 0.7033191489361702 0.03467625899280571 0.11219148936170216
0 0.3119424460431655 0.8511489361702128 0.03347721822541965 0.13125531914893604
0 0.3988729016786571 0.696936170212766 0.03706235011990404 0.12070212765957451
0 0.43902877697841725 0.7011914893617022 0.0286690647482014 0.11219148936170216
0 0.3533093525179856 0.8330851063829787 0.032278177458033526 0.12487234042553179
0 0.4000719424460432 0.8383829787234043 0.03946043165467622 0.13551063829787222
0 0.44322541966426854 0.8341489361702128 0.03706235011990404 0.12699999999999986
0 0.5211630695443645 0.6714255319148936 0.03464028776978416 0.13772340425531918
0 0.5637170263788969 0.6788723404255319 0.03344124700239807 0.13985106382978726
0 0.6074820143884891 0.6841914893617022 0.03702637889688256 0.13772340425531918
0 0.5259592326139089 0.8320212765957447 0.03703836930455634 0.12699999999999986
0 0.5673141486810551 0.816063829787234 0.045431654676258974 0.14189361702127648
0 0.6512470023980815 0.6895106382978723 0.0406235011990409 0.12282978723404259
0 0.6908153477218225 0.6767446808510638 0.03821342925659459 0.12285106382978725
0 0.7351678657074341 0.6671702127659574 0.03581534772182241 0.1292340425531915
0 0.7789328537170264 0.6512127659574468 0.029808153477218106 0.13561702127659575
0 0.8185011990407673 0.656531914893617 0.0369904076738608 0.1334893617021277
0 0.863453237410072 0.6682340425531915 0.03579136690647471 0.11859574468085109
0 0.6932134292565947 0.8192553191489362 0.03821342925659459 0.1397659574468084
0 0.7363669064748202 0.813936170212766 0.03821342925659459 0.13340425531914904
0 0.7783333333333333 0.8022340425531915 0.040599520383692925 0.13127659574468095
0 0.8208992805755395 0.8054255319148936 0.0369904076738608 0.13340425531914904
0 0.9527817745803357 0.7937234042553192 0.041774580335731316 0.14829787234042563