0 0.7569570405727925 0.144385593220339 0.03930787589498813 0.11838983050847457
0 0.7128162291169452 0.14648305084745764 0.03452267303102633 0.12262711864406779
0 0.6400238663484485 0.15389830508474575 0.03212410501193326 0.12898305084745762
0 0.6018377088305489 0.14860169491525424 0.03449880668257753 0.12686440677966102
0 0.5594868735083532 0.16872881355932204 0.03330548926014316 0.12050847457627117
0 0.5111575178997614 0.16555084745762713 0.034486873508353194 0.12686440677966102
0 0.47535799522673033 0.17614406779661018 0.03210023866348446 0.12686440677966102
0 0.4037708830548926 0.16764830508474576 0.036861575178997734 0.13533898305084746
0 0.35186157517899763 0.16658898305084746 0.030883054892601562 0.13322033898305083
0 0.307708830548926 0.15811440677966102 0.03325775656324569 0.14169491525423727
0 0.21762529832935562 0.15811440677966102 0.04159904534606193 0.137478813559322
0 0.17585918854415275 0.1559957627118644 0.03681384248210013 0.14595338983050846
0 0.13649164677804296 0.16658898305084746 0.029653937947493925 0.12900423728813556
0 0.09591885441527445 0.1634322033898305 0.03441527446300706 0.12264830508474579
0 0.060715990453460614 0.14542372881355933 0.04276849642004763 0.13747881355932207
0 0.8070763723150358 0.36466101694915254 0.0846539379474941 0.06741525423728813
0 0.5982577565632458 0.3551059322033899 0.039272076372315 0.13309322033898305
0 0.5636634844868735 0.35298728813559327 0.03449880668257753 0.1288559322033898
0 0.5189140811455848 0.3551059322033899 0.035680190930787566 0.12463983050847455
0 0.474164677804296 0.3646398305084746 0.034486873508353194 0.13097457627118642
0 0.39183770883054897 0.3635593220338983 0.04162291169451087 0.13733050847457626
0 0.3524582338902148 0.3498093220338983 0.039236276849642135 0.12675847457627115
0 0.3100954653937948 0.3508474576271186 0.038031026252983165 0.12887711864406776
0 0.2683412887828162 0.3339194915254238 0.030871121718376957 0.12887711864406776
0 0.22239856801909308 0.35086864406779666 0.03443914081145573 0.12463983050847455
0 0.18779236276849642 0.33180084745762717 0.039200477326968866 0.13313559322033905
0 0.14663484486873507 0.3338983050847458 0.04278042959427197 0.12466101694915249
0 0.016109785202863963 0.3411016949152542 0.032219570405727926 0.1228813559322034
0 0.8184128878281623 0.6749364406779661 0.033341288782816295 0.12442796610169496
0 0.8225894988066826 0.8104872881355932 0.03453460620525066 0.12434322033898293
0 0.736073985680191 0.6664618644067797 0.035715990453460696 0.1371398305084746
0 0.6531503579952266 0.6897457627118644 0.034510739856801996 0.11171610169491529
0 0.6967064439140811 0.8327118644067797 0.03331742243436763 0.13069915254237274
0 0.6066109785202863 0.691864406779661 0.036885441527446265 0.12019067796610174
0 0.5666467780429595 0.6961016949152542 0.02853221957040569 0.11171610169491529
0 0.654343675417661 0.816843220338983 0.03212410501193326 0.12434322033898293
0 0.6125775656324581 0.8242372881355933 0.03927207637231493 0.13493644067796598
0 0.568436754176611 0.8284957627118644 0.036885441527446265 0.12646186440677953
0 0.48490453460620525 0.6664618644067797 0.03447494033412886 0.1371398305084746
0 0.4013842482100239 0.6834110169491525 0.0368496420047734 0.1371398305084746
0 0.48490453460620525 0.8157838983050848 0.036861575178997595 0.12646186440677953
0 0.44374701670644395 0.816843220338983 0.04521479713603817 0.1412923728813558
0 0.35544152744630075 0.6929237288135593 0.0404295942720765 0.12230932203389834
0 0.3184486873508353 0.6886864406779661 0.038031026252983165 0.12233050847457629
0 0.2766945107398568 0.681271186440678 0.03564439140811443 0.1286864406779661
0 0.23671837708830548 0.6696186440677966 0.029665871121718257 0.13504237288135595
0 0.19256563245823388 0.6727966101694915 0.03681384248210013 0.13292372881355935
0 0.1502147971360382 0.6929025423728814 0.035620525059665765 0.11809322033898308
0 0.32202863961813843 0.8348305084745763 0.038031026252983165 0.1391737288135592
0 0.2790811455847255 0.8252966101694915 0.038031026252983165 0.13283898305084754
0 0.23731503579952268 0.8115466101694916 0.040405727923627566 0.13072033898305094
0 0.20091885441527446 0.8231779661016949 0.03681384248210013 0.13283898305084754
0 0.068472553699284 0.8263347457627118 0.04157517899761327 0.14766949152542383
0 0.7414439140811456 0.8263559322033899 0.032136038186157595 0.1306779661016948
0 0.8070763723150358 0.1380084745762712 0.036921241050119395 0.11838983050847457
0 0.4461336515513127 0.667478813559322 0.05004773269689744 0.13086864406779658