0 0.1722661870503597 0.1524255319148936 0.034700239808153475 0.11251063829787233
0 0.21543165467625897 0.15348936170212765 0.03949640287769784 0.11889361702127658
0 0.26577937649880096 0.14285106382978724 0.034688249400479626 0.12314893617021276
0 0.3365227817745804 0.1524255319148936 0.032278177458033526 0.129531914893617
0 0.3760911270983214 0.1492340425531915 0.03466426858513186 0.12740425531914892
0 0.4186450839328537 0.1524255319148936 0.03346522781774577 0.12102127659574467
0 0.46840527577937646 0.14497872340425533 0.03465227817745801 0.12740425531914892
0 0.5079736211031175 0.1492340425531915 0.03225419664268583 0.12740425531914892
0 0.5763069544364509 0.13646808510638297 0.03703836930455634 0.13591489361702128
0 0.6272661870503597 0.13114893617021275 0.0310311750599521 0.1337872340425532
0 0.6764268585131894 0.12263829787234043 0.03341726618705023 0.1422978723404255
0 0.7645443645083932 0.11412765957446809 0.041798561151079015 0.13806382978723408
0 0.8077098321342926 0.10561702127659575 0.0369904076738608 0.1465744680851064
0 0.8484652278177458 0.11625531914893616 0.029796163069544256 0.12955319148936173
0 0.8880335731414868 0.10882978723404255 0.03458033573141477 0.12317021276595745
0 0.9282014388489209 0.09712765957446808 0.04297362110311741 0.13806382978723405
0 0.1710671462829736 0.3789574468085107 0.0850599520383693 0.06770212765957445
0 0.32932853717026384 0.3693829787234043 0.03467625899280571 0.1378510638297873
0 0.3808872901678657 0.34597872340425534 0.03946043165467622 0.1336595744680851
0 0.4216426858513189 0.34385106382978725 0.03466426858513186 0.12940425531914893
0 0.4630095923261391 0.3353404255319149 0.0358513189448441 0.1251702127659574
0 0.5091726618705036 0.34278723404255323 0.03465227817745801 0.131531914893617
0 0.5942925659472422 0.34172340425531916 0.04182254196642692 0.13791489361702125
0 0.6350599520383693 0.3321489361702128 0.03942446043165481 0.1272978723404255
0 0.6788249400479616 0.3247021276595745 0.03821342925659459 0.1294255319148936
0 0.7195803357314149 0.3098297872340426 0.031019184652278046 0.1294255319148936
0 0.7621462829736211 0.3098297872340426 0.03460431654676247 0.1251702127659574
0 0.8053117505995204 0.29706382978723406 0.039388489208632985 0.1337021276595745
0 0.8466666666666667 0.30131914893617023 0.042985611510791256 0.12519148936170216
0 0.9767505995203837 0.29174468085106386 0.036966426858513105 0.12306382978723408
0 0.16926858513189447 0.696936170212766 0.033501199040767385 0.12495744680851067
0 0.1734652278177458 0.828808510638298 0.034700239808153475 0.12487234042553179
0 0.2532014388489208 0.6799148936170213 0.03588729016786572 0.13772340425531918
0 0.2538009592326139 0.8341276595744681 0.034688249400479626 0.13551063829787222
0 0.34011990407673864 0.6926808510638298 0.03467625899280571 0.11219148936170216
0 0.2975539568345324 0.8383829787234043 0.03347721822541965 0.13125531914893604
0 0.384484412470024 0.6841702127659575 0.03706235011990404 0.12070212765957451
0 0.42464028776978413 0.6884255319148936 0.0286690647482014 0.11219148936170216
0 0.33892086330935256 0.8203191489361702 0.032278177458033526 0.12487234042553179
0 0.3856834532374101 0.8256170212765958 0.03946043165467622 0.13551063829787222
0 0.4288369304556355 0.8213829787234043 0.03706235011990404 0.12699999999999986
0 0.5103717026378897 0.6607872340425531 0.03464028776978416 0.13772340425531918
0 0.5517266187050359 0.6661063829787234 0.03344124700239807 0.13985106382978726
0 0.5930935251798561 0.6714255319148936 0.03702637889688249 0.13772340425531918
0 0.5115707434052758 0.8192553191489362 0.03703836930455634 0.12699999999999986
0 0.552925659472422 0.8032978723404256 0.045431654676258974 0.14189361702127648
0 0.6368585131894484 0.6767446808510638 0.0406235011990409 0.12282978723404259
0 0.6764268585131894 0.6639787234042553 0.03821342925659459 0.12285106382978725
0 0.720779376498801 0.6544042553191489 0.03581534772182241 0.1292340425531915
0 0.7645443645083932 0.6384468085106383 0.029808153477218106 0.13561702127659575
0 0.8041127098321343 0.6437659574468085 0.0369904076738608 0.1334893617021277
0 0.8490647482014388 0.655468085106383 0.03579136690647471 0.11859574468085109
0 0.6788249400479616 0.8064893617021277 0.03821342925659459 0.1397659574468084
0 0.7219784172661871 0.8011702127659575 0.03821342925659459 0.13340425531914904
0 0.7639448441247002 0.789468085106383 0.040599520383692925 0.13127659574468095
0 0.8065107913669065 0.7926595744680851 0.0369904076738608 0.13340425531914904
0 0.9383932853717026 0.7809574468085106 0.041774580335731316 0.14829787234042563