0 0.7426019184652278 0.15563829787234043 0.03949640287769791 0.11889361702127658
0 0.6982494004796164 0.15561702127659574 0.034688249400479695 0.12314893617021276
0 0.628705035971223 0.16731914893617023 0.032278177458033595 0.129531914893617
0 0.5843405275779376 0.17051063829787233 0.03466426858513186 0.12740425531914892
0 0.5417865707434053 0.17582978723404255 0.03346522781774577 0.12102127659574467
0 0.4968225419664269 0.17051063829787233 0.03465227817745801 0.12740425531914892
0 0.458453237410072 0.18327659574468086 0.03225419664268583 0.12740425531914892
0 0.38772182254196647 0.18325531914893617 0.03703836930455647 0.13591489361702128
0 0.33916067146282974 0.18857446808510636 0.03103117505995217 0.1337872340425532
0 0.28880095923261395 0.1843191489361702 0.03341726618705023 0.1422978723404255
0 0.20547961630695444 0.18006382978723404 0.041798561151079015 0.13806382978723403
0 0.16351318944844126 0.17580851063829786 0.0369904076738608 0.14657446808510635
0 0.12275779376498801 0.18219148936170212 0.029796163069544256 0.12955319148936167
0 0.08079136690647482 0.19602127659574467 0.03458033573141477 0.12317021276595742
0 0.04062350119904076 0.18857446808510636 0.04297362110311741 0.13806382978723403
0 0.7989568345323742 0.37259574468085105 0.08505995203836937 0.06770212765957445
0 0.589136690647482 0.36300000000000004 0.03946043165467622 0.1336595744680851
0 0.5543764988009593 0.36087234042553196 0.03466426858513186 0.12940425531914893
0 0.5094124700239808 0.36300000000000004 0.0358513189448441 0.1251702127659574
0 0.4644484412470024 0.3725744680851064 0.03465227817745801 0.131531914893617
0 0.3829256594724221 0.3885106382978723 0.04182254196642699 0.13791489361702125
0 0.3397601918465228 0.37680851063829784 0.03942446043165481 0.1272978723404255
0 0.29719424460431654 0.36936170212765956 0.03821342925659459 0.1294255319148936
0 0.25164268585131894 0.3693829787234043 0.031019184652278046 0.1294255319148936
0 0.2102757793764988 0.37151063829787234 0.03460431654676247 0.1251702127659574
0 0.1707074340527578 0.36936170212765956 0.039388489208632985 0.13370212765957443
0 0.12815347721822543 0.3821276595744681 0.042985611510791256 0.12519148936170207
0 0.008393285371702638 0.3872340425531915 0.016786570743405275 0.12340425531914893
0 0.810347721822542 0.6841914893617022 0.033501199040767454 0.12495744680851067
0 0.8145443645083933 0.8203191489361702 0.034700239808153545 0.12487234042553179
0 0.7276139088729018 0.6756808510638298 0.035887290167865786 0.13772340425531918
0 0.6442925659472422 0.699063829787234 0.034676258992805846 0.11219148936170216
0 0.6880575539568344 0.8426382978723405 0.03347721822541975 0.13125531914893604
0 0.5975299760191847 0.7011914893617022 0.03706235011990404 0.12070212765957451
0 0.5573741007194245 0.7054468085106383 0.0286690647482014 0.11219148936170216
0 0.6454916067146282 0.8267021276595745 0.03227817745803366 0.12487234042553179
0 0.6035251798561151 0.8341276595744681 0.03946043165467622 0.13551063829787222
0 0.5591726618705036 0.838404255319149 0.03706235011990404 0.12699999999999986
0 0.4752398081534773 0.6756808510638298 0.03464028776978416 0.13772340425531918
0 0.34936450839328537 0.5321702127659574 0.07061151079136703 0.08457446808510638
0 0.3913189448441247 0.7054680851063829 0.03702637889688262 0.13772340425531918
0 0.4752398081534773 0.838404255319149 0.03703836930455634 0.12699999999999986
0 0.43508393285371705 0.8352127659574469 0.045431654676258974 0.14189361702127648
0 0.3463549160671463 0.7192765957446808 0.0406235011990409 0.12282978723404259
0 0.3079856115107914 0.7065106382978723 0.03821342925659459 0.12285106382978725
0 0.26603117505995205 0.7033191489361702 0.03581534772182241 0.1292340425531915
0 0.225863309352518 0.6958723404255319 0.029808153477218106 0.13561702127659575
0 0.18149880095923263 0.699063829787234 0.0369904076738608 0.1334893617021277
0 0.13654676258992804 0.7213829787234043 0.03579136690647471 0.11859574468085109
0 0.31158273381294965 0.8447659574468086 0.03821342925659459 0.1397659574468084
0 0.2708273381294964 0.8522127659574469 0.03821342925659459 0.13340425531914904
0 0.22526378896882496 0.8405106382978724 0.040599520383692925 0.13127659574468095
0 0.18869304556354916 0.8564680851063831 0.0369904076738608 0.13340425531914904
0 0.05800959232613909 0.8532553191489362 0.041774580335731316 0.14829787234042563
0 0.7330095923261392 0.8362553191489362 0.03229016786570751 0.13123404255319138
0 0.26258992805755393 0.9840425531914894 0.07673860911270983 0.031914893617021274
0 0.7893645083932854 0.1492340425531915 0.037098321342925726 0.11889361702127658
0 0.21866906474820144 0.050127659574468075 0.05618705035971211 0.10023404255319149
0 0.8583093525179857 0.5267872340425532 0.07907673860911277 0.0825106382978724