0 0.24074468085106382 0.15157563025210086 0.03893617021276596 0.11739495798319327
0 0.2868321513002364 0.14945378151260505 0.03419621749408984 0.12159663865546218
0 0.35775413711583925 0.15680672268907564 0.03182033096926709 0.12789915966386553
0 0.3955791962174941 0.15575630252100842 0.03417257683215126 0.12579831932773108
0 0.4351654846335697 0.16100840336134453 0.03299054373522455 0.11949579831932772
0 0.4854018912529551 0.16626050420168068 0.034160756501182006 0.12579831932773108
0 0.5220449172576832 0.1746638655462185 0.03179669030732858 0.12579831932773108
0 0.5894089834515366 0.15993697478991595 0.036513002364066245 0.1342016806722689
0 0.6408274231678487 0.15678571428571428 0.030591016548463485 0.13210084033613445
0 0.6916548463356974 0.15888655462184872 0.03294326241134739 0.14050420168067226
0 0.7714302600472813 0.1420798319327731 0.04120567375886513 0.13632352941176468
0 0.8175295508274232 0.1378781512605042 0.03646572104018902 0.1447268907563025
0 0.8565248226950355 0.15678571428571428 0.029373522458628735 0.12792016806722686
0 0.895531914893617 0.1515546218487395 0.03408983451536633 0.12161764705882354
0 0.9374940898345153 0.13789915966386554 0.04236406619385333 0.13632352941176473
0 0.1887352245862884 0.37210084033613444 0.08385342789598109 0.06684873949579831
0 0.39912529550827425 0.3521218487394958 0.038900709219858116 0.13197478991596637
0 0.4322104018912529 0.3521218487394958 0.03417257683215126 0.12777310924369747
0 0.4789007092198581 0.343718487394958 0.03534278959810872 0.12359243697478989
0 0.5232269503546099 0.3552731092436975 0.034160756501182006 0.12987394957983192
0 0.608321513002364 0.3626050420168067 0.041229314420803846 0.1361764705882353
0 0.6473286052009456 0.34897058823529414 0.038865248226950484 0.12569327731092433
0 0.689290780141844 0.35 0.03767139479905424 0.12779411764705878
0 0.7306501182033097 0.33321428571428574 0.03057919621749396 0.12779411764705878
0 0.7737943262411348 0.3395168067226891 0.03411347517730485 0.12359243697478989
0 0.8104373522458629 0.3311134453781513 0.03882978723404244 0.13201680672268912
0 0.8512056737588652 0.33319327731092435 0.04237588652482259 0.12361344537815121
0 0.9822695035460993 0.3403361344537815 0.03546099290780142 0.12184873949579832
0 0.18578014184397162 0.6713655462184874 0.033026004728132385 0.12338235294117651
0 0.18164302600472812 0.8141806722689076 0.0342080378250591 0.12329831932773097
0 0.2673404255319149 0.6629621848739495 0.035378250591016555 0.13598739495798323
0 0.3494799054373523 0.6860504201680673 0.03418439716312052 0.11077731092436979
0 0.3063356973995272 0.8278151260504202 0.03300236406619384 0.12960084033613434
0 0.3955791962174941 0.6881512605042017 0.03653664302600469 0.1191806722689076
0 0.4351654846335697 0.6923529411764706 0.028262411347517693 0.11077731092436979
0 0.3482978723404256 0.8120798319327731 0.03182033096926709 0.12329831932773097
0 0.3896690307328606 0.8194117647058824 0.038900709219858116 0.13380252100840323
0 0.43339243498817964 0.8236344537815127 0.03653664302600469 0.12539915966386542
0 0.5161347517730496 0.6629621848739495 0.03414893617021275 0.13598739495798323
0 0.5988652482269503 0.6797689075630252 0.03650118203309699 0.13598739495798323
0 0.5161347517730496 0.8110294117647059 0.036513002364066176 0.12539915966386542
0 0.556903073286052 0.8120798319327731 0.04478723404255318 0.1401050420168066
0 0.6443735224586288 0.689201680672269 0.0400472813238772 0.12128151260504205
0 0.6810165484633569 0.685 0.03767139479905424 0.12130252100840339
0 0.7223758865248227 0.6776470588235294 0.03530732860520082 0.12760504201680675
0 0.7619739952718676 0.6660924369747899 0.02938534278959799 0.1339075630252101
0 0.8045271867612294 0.6692436974789916 0.03646572104018902 0.13180672268907564
0 0.8488416075650118 0.6681932773109244 0.0352836879432623 0.11710084033613448
0 0.6798345153664302 0.8215126050420168 0.03767139479905424 0.13800420168067215
0 0.7200118203309692 0.8204621848739496 0.03767139479905424 0.13172268907563034
0 0.7613829787234042 0.806827731092437 0.04002364066193841 0.1296218487394959
0 0.7997990543735225 0.8015546218487395 0.03646572104018902 0.13172268907563034
0 0.9298108747044918 0.8109873949579831 0.04118203309692662 0.14642857142857152
0 0.26202127659574465 0.8215126050420168 0.031832151300236415 0.129579831932773
0 0.19228132387706853 0.1515546218487395 0.036572104018912525 0.11739495798319327
0 0.5545390070921986 0.6639705882352941 0.049574468085106446 0.12976890756302517
0 0.6709810874704492 0.4876050420168067 0.08374704491725758 0.06258403361344542