0 0.8265347721822542 0.15880851063829787 0.034700239808153545 0.11251063829787233
0 0.7809712230215827 0.1641276595744681 0.03949640287769791 0.11889361702127658
0 0.7342206235011991 0.15348936170212765 0.034688249400479695 0.12314893617021276
0 0.6634772182254196 0.15668085106382978 0.03227817745803366 0.129531914893617
0 0.6191127098321342 0.15561702127659574 0.03466426858513179 0.12740425531914892
0 0.577757793764988 0.1545531914893617 0.03346522781774577 0.12102127659574467
0 0.5267985611510791 0.15136170212765956 0.03465227817745801 0.12740425531914892
0 0.48962829736211033 0.15136170212765956 0.03225419664268583 0.12740425531914892
0 0.4200959232613909 0.13859574468085106 0.03703836930455634 0.13591489361702128
0 0.3715347721822542 0.1396595744680851 0.03103117505995217 0.1337872340425532
0 0.32237410071942446 0.12476595744680852 0.03341726618705023 0.1422978723404255
0 0.23425659472422064 0.11625531914893616 0.041798561151079015 0.13806382978723408
0 0.19229016786570743 0.10774468085106383 0.0369904076738608 0.1465744680851064
0 0.1503357314148681 0.11625531914893616 0.029796163069544256 0.12955319148936173
0 0.11196642685851318 0.11095744680851063 0.03458033573141477 0.12317021276595745
0 0.07059952038369303 0.09712765957446808 0.04297362110311741 0.13806382978723405
0 0.8277338129496403 0.39172340425531915 0.08505995203836937 0.06770212765957445
0 0.6646762589928057 0.4246595744680851 0.034676258992805846 0.1378510638297873
0 0.6155155875299759 0.3481063829787234 0.03946043165467615 0.1336595744680851
0 0.5783573141486811 0.34385106382978725 0.03466426858513186 0.12940425531914893
0 0.5345923261390888 0.337468085106383 0.0358513189448441 0.1251702127659574
0 0.48842925659472425 0.34278723404255323 0.03465227817745801 0.131531914893617
0 0.4033093525179856 0.34385106382978725 0.04182254196642699 0.13791489361702125
0 0.36254196642685854 0.3342765957446809 0.03942446043165481 0.1272978723404255
0 0.3175779376498801 0.3247021276595745 0.03821342925659459 0.1294255319148936
0 0.27802158273381294 0.3119574468085107 0.031019184652278046 0.1294255319148936
0 0.23545563549160672 0.3140851063829787 0.03460431654676247 0.1251702127659574
0 0.19468824940047963 0.29919148936170215 0.039388489208632985 0.13370212765957454
0 0.15093525179856115 0.29919148936170215 0.042985611510791256 0.12519148936170219
0 0.01738609112709832 0.2936170212765957 0.03477218225419664 0.12340425531914893
0 0.823537170263789 0.699063829787234 0.033501199040767454 0.12495744680851067
0 0.8193405275779377 0.830936170212766 0.034700239808153545 0.12487234042553179
0 0.7396043165467626 0.6820425531914893 0.035887290167865786 0.13772340425531918
0 0.7426019184652278 0.8809148936170212 0.034688249400479695 0.13551063829787247
0 0.6574820143884891 0.6926808510638298 0.034676258992805846 0.11219148936170216
0 0.6952517985611509 0.8405106382978724 0.03347721822541975 0.13125531914893604
0 0.6083213429256594 0.6862978723404255 0.03706235011990404 0.12070212765957451
0 0.5681654676258993 0.6905531914893617 0.0286690647482014 0.11219148936170216
0 0.6538848920863308 0.8224468085106383 0.03227817745803366 0.12487234042553179
0 0.6071223021582733 0.8277446808510639 0.03946043165467622 0.13551063829787222
0 0.563968824940048 0.8235106382978724 0.03706235011990404 0.12699999999999986
0 0.4860311750599521 0.6607872340425531 0.03464028776978416 0.13772340425531918
0 0.4434772182254197 0.6682340425531915 0.03344124700239807 0.13985106382978726
0 0.39971223021582736 0.6735531914893617 0.03702637889688262 0.13772340425531918
0 0.4812350119904077 0.8213829787234043 0.03703836930455634 0.12699999999999986
0 0.4398800959232614 0.8054255319148936 0.045431654676258974 0.14189361702127648
0 0.355947242206235 0.6788723404255319 0.0406235011990409 0.12282978723404259
0 0.31637889688249404 0.6661063829787234 0.03821342925659459 0.12285106382978725
0 0.2720263788968825 0.656531914893617 0.03581534772182241 0.1292340425531915
0 0.22826139088729017 0.6405744680851063 0.029808153477218106 0.13561702127659575
0 0.18869304556354916 0.6458936170212766 0.0369904076738608 0.1334893617021277
0 0.1437410071942446 0.657595744680851 0.03579136690647471 0.11859574468085109
0 0.3139808153477218 0.8086170212765957 0.03821342925659459 0.1397659574468084
0 0.2708273381294964 0.8032978723404256 0.03821342925659459 0.13340425531914904
0 0.2288609112709832 0.7915957446808511 0.040599520383692925 0.13127659574468095
0 0.186294964028777 0.7947872340425532 0.0369904076738608 0.13340425531914904
0 0.05441247002398081 0.7830851063829788 0.041774580335731316 0.14829787234042563