0 0.2406115107913669 0.13861702127659575 0.03949640287769784 0.11889361702127658
0 0.2861630695443645 0.14072340425531915 0.034688249400479626 0.12314893617021276
0 0.35570743405275784 0.14817021276595746 0.032278177458033526 0.129531914893617
0 0.39407673860911274 0.14285106382978724 0.03466426858513186 0.12740425531914892
0 0.4366306954436451 0.16306382978723405 0.03346522781774577 0.12102127659574467
0 0.48519184652278174 0.15987234042553192 0.03465227817745801 0.12740425531914892
0 0.5211630695443645 0.17051063829787233 0.03225419664268583 0.12740425531914892
0 0.5930935251798561 0.16197872340425531 0.03703836930455634 0.13591489361702128
0 0.6452517985611511 0.16091489361702127 0.03103117505995217 0.1337872340425532
0 0.6896163069544364 0.15240425531914892 0.03341726618705023 0.1422978723404255
0 0.7801318944844124 0.15240425531914892 0.041798561151079015 0.13806382978723403
0 0.8220983213429257 0.15027659574468083 0.0369904076738608 0.14657446808510635
0 0.8616546762589928 0.16091489361702127 0.029796163069544256 0.1295531914893617
0 0.9024220623501199 0.15774468085106383 0.03458033573141477 0.12317021276595747
0 0.9377937649880096 0.1396595744680851 0.04297362110311741 0.13806382978723408
0 0.18785371702637887 0.3598297872340426 0.0850599520383693 0.06770212765957445
0 0.397673860911271 0.3502340425531915 0.03946043165467622 0.1336595744680851
0 0.43243405275779373 0.3481063829787234 0.03466426858513186 0.12940425531914893
0 0.47739808153477215 0.3502340425531915 0.0358513189448441 0.1251702127659574
0 0.5223621103117506 0.3598085106382979 0.03465227817745801 0.131531914893617
0 0.605083932853717 0.3587234042553191 0.04182254196642692 0.13791489361702125
0 0.6470503597122302 0.36404255319148937 0.03942446043165481 0.1272978723404255
0 0.6872182254196643 0.34595744680851065 0.03821342925659459 0.1294255319148936
0 0.7291726618705036 0.3289574468085107 0.031019184652278046 0.1294255319148936
0 0.7753357314148681 0.34597872340425534 0.03460431654676247 0.1251702127659574
0 0.8125059952038369 0.337468085106383 0.039388489208632985 0.1337021276595745
0 0.8550599520383693 0.34595744680851065 0.042985611510791256 0.12519148936170207
0 0.9832134292565947 0.33617021276595743 0.03357314148681055 0.12340425531914893
0 0.17646282973621102 0.6714255319148936 0.033501199040767385 0.12495744680851067
0 0.1722661870503597 0.8075531914893618 0.034700239808153475 0.12487234042553179
0 0.2591966426858513 0.6629148936170213 0.03588729016786572 0.13772340425531918
0 0.3425179856115108 0.6862978723404255 0.03467625899280571 0.11219148936170216
0 0.2987529976019185 0.8298723404255319 0.03347721822541965 0.13125531914893604
0 0.38928057553956835 0.6884255319148936 0.03706235011990404 0.12070212765957451
0 0.4294364508393285 0.6926808510638298 0.0286690647482014 0.11219148936170216
0 0.3413189448441247 0.813936170212766 0.032278177458033526 0.12487234042553179
0 0.38328537170263793 0.8213617021276596 0.03946043165467622 0.13551063829787222
0 0.4276378896882494 0.8256382978723404 0.03706235011990404 0.12699999999999986
0 0.5115707434052758 0.6629148936170213 0.03464028776978416 0.13772340425531918
0 0.5954916067146283 0.679936170212766 0.03702637889688256 0.13772340425531918
0 0.5115707434052758 0.8128723404255319 0.03703836930455634 0.12699999999999986
0 0.552925659472422 0.813936170212766 0.045431654676258974 0.14189361702127648
0 0.6416546762589928 0.6894893617021277 0.0406235011990409 0.12282978723404259
0 0.6788249400479616 0.6852340425531915 0.03821342925659459 0.12285106382978725
0 0.720779376498801 0.6777872340425531 0.03581534772182241 0.1292340425531915
0 0.760947242206235 0.6660851063829787 0.029808153477218106 0.13561702127659575
0 0.8053117505995204 0.6692765957446809 0.0369904076738608 0.1334893617021277
0 0.8478657074340528 0.689468085106383 0.03579136690647471 0.11859574468085109
0 0.6752278177458033 0.8320000000000001 0.03821342925659459 0.1397659574468084
0 0.7183812949640288 0.8224255319148936 0.03821342925659459 0.13340425531914904
0 0.760347721822542 0.8086170212765957 0.040599520383692925 0.13127659574468095
0 0.7969184652278177 0.8202978723404256 0.0369904076738608 0.13340425531914904
0 0.93 0.8234680851063829 0.041774580335731316 0.14829787234042563
0 0.2538009592326139 0.8234893617021277 0.032290167865707445 0.13123404255319138
0 0.19384892086330935 0.1343404255319149 0.03709832134292566 0.11889361702127658
0 0.5517266187050359 0.5852553191489361 0.05028776978417273 0.1314255319148936