0 0.17586330935251798 0.15880851063829787 0.034700239808153475 0.11251063829787233
0 0.22142685851318944 0.1641276595744681 0.03949640287769784 0.11889361702127658
0 0.2681774580335731 0.15348936170212765 0.034688249400479626 0.12314893617021276
0 0.33892086330935256 0.15668085106382978 0.032278177458033526 0.129531914893617
0 0.38328537170263793 0.15561702127659574 0.03466426858513186 0.12740425531914892
0 0.42464028776978413 0.1545531914893617 0.03346522781774577 0.12102127659574467
0 0.475599520383693 0.15136170212765956 0.03465227817745801 0.12740425531914892
0 0.5127697841726618 0.15136170212765956 0.03225419664268583 0.12740425531914892
0 0.5823021582733813 0.13859574468085106 0.03703836930455634 0.13591489361702128
0 0.630863309352518 0.1396595744680851 0.03103117505995217 0.1337872340425532
0 0.6800239808153477 0.12476595744680852 0.03341726618705023 0.1422978723404255
0 0.7681414868105515 0.11625531914893616 0.041798561151079015 0.13806382978723408
0 0.8101079136690648 0.10774468085106383 0.0369904076738608 0.1465744680851064
0 0.852062350119904 0.11625531914893616 0.029796163069544256 0.12955319148936173
0 0.890431654676259 0.11095744680851063 0.03458033573141477 0.12317021276595745
0 0.9317985611510792 0.09712765957446808 0.04297362110311741 0.13806382978723405
0 0.17586330935251798 0.39172340425531915 0.0850599520383693 0.06770212765957445
0 0.33892086330935256 0.3629787234042553 0.03467625899280571 0.1378510638297873
0 0.3868824940047962 0.3481063829787234 0.03946043165467622 0.1336595744680851
0 0.4240407673860911 0.34385106382978725 0.03466426858513186 0.12940425531914893
0 0.4678057553956834 0.337468085106383 0.0358513189448441 0.1251702127659574
0 0.5139688249400479 0.34278723404255323 0.03465227817745801 0.131531914893617
0 0.5990887290167866 0.34385106382978725 0.04182254196642692 0.13791489361702125
0 0.6398561151079136 0.3342765957446809 0.03942446043165481 0.1272978723404255
0 0.6848201438848921 0.3247021276595745 0.03821342925659459 0.1294255319148936
0 0.7243764988009592 0.30131914893617023 0.031019184652278046 0.1294255319148936
0 0.7681414868105515 0.3055744680851064 0.03460431654676247 0.1251702127659574
0 0.8077098321342926 0.29493617021276597 0.039388489208632985 0.1337021276595745
0 0.8466666666666667 0.29493617021276597 0.042985611510791256 0.12519148936170216
0 0.9814148681055156 0.2851063829787234 0.03717026378896882 0.12340425531914893
0 0.1788609112709832 0.699063829787234 0.033501199040767385 0.12495744680851067
0 0.1830575539568345 0.830936170212766 0.034700239808153475 0.12487234042553179
0 0.2627937649880096 0.6820425531914893 0.03588729016786572 0.13772340425531918
0 0.344916067146283 0.6926808510638298 0.03467625899280571 0.11219148936170216
0 0.3071462829736211 0.8405106382978724 0.03347721822541965 0.13125531914893604
0 0.39407673860911274 0.6862978723404255 0.03706235011990404 0.12070212765957451
0 0.43423261390887286 0.6905531914893617 0.0286690647482014 0.11219148936170216
0 0.3485131894484413 0.8224468085106383 0.032278177458033526 0.12487234042553179
0 0.3952757793764988 0.8277446808510639 0.03946043165467622 0.13551063829787222
0 0.4384292565947242 0.8235106382978724 0.03706235011990404 0.12699999999999986
0 0.5163669064748201 0.6607872340425531 0.03464028776978416 0.13772340425531918
0 0.5553237410071943 0.6661063829787234 0.03344124700239807 0.13985106382978726
0 0.6026858513189448 0.6735531914893617 0.03702637889688256 0.13772340425531918
0 0.5211630695443645 0.8213829787234043 0.03703836930455634 0.12699999999999986
0 0.5625179856115108 0.8054255319148936 0.045431654676258974 0.14189361702127648
0 0.6464508393285372 0.6788723404255319 0.0406235011990409 0.12282978723404259
0 0.6860191846522782 0.6661063829787234 0.03821342925659459 0.12285106382978725
0 0.7291726618705036 0.6544042553191489 0.03581534772182241 0.1292340425531915
0 0.7681414868105515 0.6341914893617021 0.029808153477218106 0.13561702127659575
0 0.8089088729016787 0.633127659574468 0.0369904076738608 0.1334893617021277
0 0.8550599520383693 0.6469574468085106 0.03579136690647471 0.11859574468085109
0 0.6884172661870503 0.8086170212765957 0.03821342925659459 0.1397659574468084
0 0.7315707434052757 0.8032978723404256 0.03821342925659459 0.13340425531914904
0 0.773537170263789 0.7915957446808511 0.040599520383692925 0.13127659574468095
0 0.8161031175059952 0.7947872340425532 0.0369904076738608 0.13340425531914904
0 0.9419904076738609 0.7703191489361703 0.041774580335731316 0.14829787234042563
0 0.18105515587529977 0.9765957446808511 0.06474820143884892 0.04680851063829787