0 0.8244939759036145 0.1494420600858369 0.03486746987951814 0.1134763948497854
0 0.7811204819277109 0.15051502145922746 0.039686746987951875 0.11991416309012874
0 0.7305301204819278 0.1397854077253219 0.034855421686747066 0.12420600858369098
0 0.65944578313253 0.1494420600858369 0.032433734939759123 0.13064377682403433
0 0.6196867469879517 0.14622317596566523 0.03483132530120471 0.1284978540772532
0 0.5769277108433736 0.1494420600858369 0.03362650602409635 0.12206008583690986
0 0.5269277108433735 0.14193133047210302 0.03481927710843371 0.1284978540772532
0 0.4871686746987952 0.14622317596566523 0.03240963855421684 0.1284978540772532
0 0.41850602409638554 0.13334763948497855 0.037216867469879504 0.13708154506437767
0 0.36730120481927714 0.12798283261802576 0.031180722891566398 0.13493562231759657
0 0.31790361445783133 0.11939914163090129 0.033578313253011915 0.143519313304721
0 0.22936144578313253 0.11081545064377682 0.04199999999999988 0.13924892703862665
0 0.1859879518072289 0.10223175965665236 0.03716867469879507 0.1478326180257511
0 0.14503614457831324 0.11296137339055794 0.02993975903614447 0.13066523605150218
0 0.10527710843373493 0.10547210300429184 0.03474698795180713 0.1242274678111588
0 0.0649156626506024 0.0936695278969957 0.043180722891566166 0.13924892703862662
0 0.825698795180723 0.37791845493562237 0.08546987951807236 0.06828326180257509
0 0.6678795180722891 0.43049356223175966 0.03484337349397599 0.13903433476394855
0 0.614867469879518 0.34465665236051507 0.03965060240963852 0.13480686695278968
0 0.5739156626506025 0.3425107296137339 0.03483132530120478 0.13051502145922744
0 0.5323493975903615 0.3339270386266095 0.03602409638554214 0.126244635193133
0 0.4859638554216868 0.3414377682403434 0.03481927710843371 0.13266094420600857
0 0.40043373493975903 0.3403648068669528 0.0420240963855423 0.1390987124463519
0 0.3594698795180723 0.3307081545064378 0.03961445783132543 0.12839055793991414
0 0.3154939759036145 0.32319742489270387 0.03839759036144565 0.13053648068669524
0 0.2745421686746988 0.30819742489270385 0.03116867469879505 0.13053648068669524
0 0.23177108433734941 0.30819742489270385 0.034771084337349274 0.126244635193133
0 0.1883975903614458 0.2953218884120172 0.03957831325301194 0.13484978540772538
0 0.1468433734939759 0.2996137339055794 0.043192771084337236 0.12626609442060094
0 0.01566265060240964 0.28969957081545067 0.03132530120481928 0.12446351931330472
0 0.8275060240963856 0.6986266094420601 0.03366265060240971 0.126030042918455
0 0.823289156626506 0.8316309012875537 0.03486746987951814 0.12594420600858355
0 0.7431686746987952 0.6814592274678112 0.036060240963855496 0.13890557939914167
0 0.742566265060241 0.8369957081545065 0.034855421686747066 0.13667381974248916
0 0.6558313253012047 0.6943347639484979 0.03484337349397599 0.11315450643776828
0 0.6986024096385541 0.8412875536480687 0.03363855421686756 0.13238197424892692
0 0.6112530120481927 0.6857510729613734 0.037240963855421645 0.12173819742489274
0 0.5709036144578313 0.6900429184549356 0.028807228915662612 0.11315450643776828
0 0.6570361445783132 0.823068669527897 0.032433734939759123 0.12594420600858355
0 0.6100481927710844 0.828412017167382 0.03965060240963852 0.13667381974248916
0 0.5666867469879519 0.8241416309012876 0.037240963855421645 0.12809012875536469
0 0.4847590361445783 0.662167381974249 0.03480722891566263 0.13890557939914167
0 0.4432048192771085 0.6675321888412017 0.0336024096385542 0.1410515021459228
0 0.4016385542168675 0.6728969957081545 0.037204819277108565 0.13890557939914167
0 0.4835542168674699 0.8219957081545065 0.037216867469879504 0.12809012875536469
0 0.442 0.8059012875536481 0.04565060240963854 0.1431115879828325
0 0.35766265060240965 0.6782618025751073 0.04081927710843387 0.12388412017167386
0 0.31790361445783133 0.6653862660944205 0.03839759036144565 0.12390557939914165
0 0.27333734939759036 0.6557296137339056 0.03598795180722878 0.130343347639485
0 0.22936144578313253 0.6396351931330472 0.029951807228915543 0.13678111587982836
0 0.1896024096385542 0.645 0.03716867469879507 0.13463519313304723
0 0.14443373493975903 0.6568025751072961 0.03596385542168664 0.11961373390557942
0 0.3154939759036145 0.8091201716738198 0.03839759036144565 0.14096566523605136
0 0.27213253012048194 0.8037553648068669 0.03839759036144565 0.13454935622317607
0 0.22996385542168676 0.7919527896995708 0.04079518072289145 0.13240343347639494
0 0.18719277108433735 0.7951716738197425 0.03716867469879507 0.13454935622317607
0 0.05467469879518072 0.7833690987124464 0.04197590361445773 0.14957081545064388