0 0.2549524940617577 0.15221518987341773 0.03912114014251781 0.11789029535864978
0 0.2988836104513064 0.15219409282700422 0.034358669833729226 0.1221097046413502
0 0.3677672209026129 0.16379746835443038 0.03197149643705458 0.12843881856540085
0 0.4117102137767221 0.1669620253164557 0.03433491686460804 0.12632911392405063
0 0.45385985748218527 0.17223628691983123 0.033147268408551034 0.12
0 0.498396674584323 0.1669620253164557 0.03432304038004748 0.12632911392405063
0 0.5364014251781473 0.17962025316455696 0.031947743467933463 0.12632911392405063
0 0.6040855106888361 0.17537974683544302 0.036686460807601004 0.13476793248945146
0 0.6533729216152019 0.18487341772151897 0.030736342042755473 0.13265822784810125
0 0.6996912114014252 0.17643459915611814 0.03309976247030866 0.1410970464135021
0 0.7869714964370547 0.17643459915611814 0.04140142517814715 0.13689873417721515
0 0.8285391923990498 0.17221518987341772 0.03663895486935856 0.145337552742616
0 0.8689073634204275 0.17854430379746836 0.02951306413301652 0.12845991561181433
0 0.9104750593824228 0.19225738396624473 0.03425178147268399 0.1221308016877637
0 0.9502612826603325 0.18487341772151897 0.04256532066508304 0.13689873417721515
0 0.19913301662707836 0.3673417721518987 0.08425178147268408 0.0671308016877637
0 0.4069596199524941 0.35782700421940933 0.03908551068883607 0.13253164556962024
0 0.44138954869358665 0.3557172995780591 0.03433491686460804 0.12831223628691982
0 0.48592636579572446 0.35782700421940933 0.03551068883610448 0.12411392405063287
0 0.5304631828978622 0.3673206751054853 0.03432304038004748 0.13042194092827003
0 0.6112114014251782 0.3831223628691983 0.04142517814726847 0.13675105485232067
0 0.6539667458432303 0.37151898734177213 0.03904988123515452 0.1262236286919831
0 0.6961282660332542 0.3641350210970464 0.03785035629453669 0.1283333333333333
0 0.7412470308788599 0.36415611814345994 0.030724465558194646 0.1283333333333333
0 0.7822209026128266 0.3662658227848102 0.03427553444180511 0.12411392405063287
0 0.8214133016627079 0.3641350210970464 0.039014251781472574 0.1325738396624472
0 0.863562945368171 0.37679324894514765 0.0425771971496436 0.12413502109704636
0 0.9857482185273159 0.37341772151898733 0.028503562945368172 0.12236286919831224
0 0.1878503562945368 0.6763080168776371 0.033182897862232774 0.12390295358649793
0 0.18369358669833727 0.8112869198312237 0.034370546318289785 0.12381856540084375
0 0.26979809976247027 0.6678691983122362 0.03554631828978623 0.1365611814345992
0 0.3523277909738718 0.6910548523206751 0.0343467933491686 0.11124472573839667
0 0.308978622327791 0.8334177215189874 0.03315914489311162 0.13014767932489438
0 0.39864608076009506 0.6931645569620253 0.03671021377672205 0.1196835443037975
0 0.4384204275534442 0.6973839662447258 0.028396674584323003 0.11124472573839667
0 0.3511401425178148 0.8176160337552743 0.03197149643705458 0.12381856540084375
0 0.39270783847981 0.8249789029535866 0.03908551068883607 0.1343670886075948
0 0.43663895486935866 0.8292194092827004 0.03671021377672205 0.12592827004219398
0 0.5197743467933491 0.6678691983122362 0.03431116389548692 0.1365611814345992
0 0.6883847980997625 0.5318987341772152 0.06994061757719727 0.08386075949367089
0 0.6028978622327791 0.6847468354430379 0.036674584323040445 0.1365611814345992
0 0.5197743467933491 0.8292194092827004 0.036686460807600935 0.12592827004219398
0 0.5595486935866983 0.8260548523206751 0.044999999999999984 0.14069620253164544
0 0.6474346793349168 0.7110970464135021 0.040237529691211534 0.12179324894514772
0 0.6854394299287411 0.6984388185654008 0.03785035629453669 0.1218143459915612
0 0.7269952494061758 0.6952742616033756 0.03547505938242267 0.12814345991561182
0 0.7667814726840855 0.6878902953586498 0.02952494061757708 0.13447257383966246
0 0.8107244655581948 0.6910548523206751 0.03663895486935856 0.13236286919831225
0 0.8552494061757719 0.7131856540084388 0.035451306413301555 0.11759493670886077
0 0.68187648456057 0.8355274261603376 0.03785035629453669 0.13858649789029523
0 0.7222446555819477 0.8429113924050633 0.03785035629453669 0.13227848101265832
0 0.767375296912114 0.8313080168776372 0.040213776722090144 0.1301687763713081
0 0.8035985748218527 0.8471308016877638 0.03663895486935856 0.13227848101265832
0 0.9330403800475059 0.8439451476793248 0.04137767220902603 0.1470464135021098
0 0.2644536817102138 0.8270886075949367 0.03198337292161521 0.1301265822784809
0 0.7992874109263658 0.9789029535864979 0.07600950118764846 0.04219409282700422
0 0.20863420427553442 0.14586497890295358 0.0367458432304038 0.11789029535864978
0 0.7731591448931117 0.03481012658227848 0.057007125890736345 0.06962025316455696
0 0.19378859857482184 0.5328902953586498 0.071187648456057 0.0733755274261604