0 0.8241366906474821 0.15880851063829787 0.034700239808153545 0.11251063829787233
0 0.7785731414868106 0.1641276595744681 0.03949640287769791 0.11889361702127658
0 0.7318225419664269 0.15348936170212765 0.034688249400479695 0.12314893617021276
0 0.6610791366906473 0.15668085106382978 0.03227817745803366 0.129531914893617
0 0.616714628297362 0.15561702127659574 0.03466426858513179 0.12740425531914892
0 0.5753597122302159 0.1545531914893617 0.03346522781774577 0.12102127659574467
0 0.524400479616307 0.15136170212765956 0.03465227817745801 0.12740425531914892
0 0.48723021582733816 0.15136170212765956 0.03225419664268583 0.12740425531914892
0 0.4176978417266187 0.13859574468085106 0.03703836930455634 0.13591489361702128
0 0.36913669064748206 0.1396595744680851 0.03103117505995217 0.1337872340425532
0 0.3199760191846523 0.12476595744680852 0.03341726618705023 0.1422978723404255
0 0.23185851318944845 0.11625531914893616 0.041798561151079015 0.13806382978723408
0 0.18989208633093527 0.10774468085106383 0.0369904076738608 0.1465744680851064
0 0.14793764988009592 0.11625531914893616 0.029796163069544256 0.12955319148936173
0 0.109568345323741 0.11095744680851063 0.03458033573141477 0.12317021276595745
0 0.06820143884892085 0.09712765957446808 0.04297362110311741 0.13806382978723405
0 0.8241366906474821 0.39172340425531915 0.08505995203836937 0.06770212765957445
0 0.6646762589928057 0.3842340425531915 0.034676258992805846 0.1378510638297873
0 0.6131175059952038 0.3481063829787234 0.03946043165467622 0.1336595744680851
0 0.5759592326139089 0.34385106382978725 0.03466426858513186 0.12940425531914893
0 0.5321942446043165 0.337468085106383 0.0358513189448441 0.1251702127659574
0 0.4860311750599521 0.34278723404255323 0.03465227817745801 0.131531914893617
0 0.40091127098321344 0.34385106382978725 0.04182254196642699 0.13791489361702125
0 0.3601438848920864 0.3342765957446809 0.03942446043165481 0.1272978723404255
0 0.3151798561151079 0.3247021276595745 0.03821342925659459 0.1294255319148936
0 0.2756235011990408 0.3119574468085107 0.031019184652278046 0.1294255319148936
0 0.23305755395683453 0.3140851063829787 0.03460431654676247 0.1251702127659574
0 0.19229016786570743 0.29919148936170215 0.039388489208632985 0.13370212765957454
0 0.14853717026378896 0.29919148936170215 0.042985611510791256 0.12519148936170219
0 0.01618705035971223 0.2936170212765957 0.03237410071942446 0.12340425531914893
0 0.8211390887290169 0.699063829787234 0.033501199040767454 0.12495744680851067
0 0.8169424460431656 0.830936170212766 0.034700239808153545 0.12487234042553179
0 0.7372062350119905 0.6820425531914893 0.035887290167865786 0.13772340425531918
0 0.6550839328537169 0.6926808510638298 0.034676258992805846 0.11219148936170216
0 0.6928537170263788 0.8405106382978724 0.03347721822541975 0.13125531914893604
0 0.6059232613908873 0.6862978723404255 0.03706235011990404 0.12070212765957451
0 0.5657673860911271 0.6905531914893617 0.0286690647482014 0.11219148936170216
0 0.6514868105515587 0.8224468085106383 0.03227817745803366 0.12487234042553179
0 0.6047242206235012 0.8277446808510639 0.03946043165467622 0.13551063829787222
0 0.5615707434052758 0.8235106382978724 0.03706235011990404 0.12699999999999986
0 0.48363309352517986 0.6607872340425531 0.03464028776978416 0.13772340425531918
0 0.4410791366906475 0.6682340425531915 0.03344124700239807 0.13985106382978726
0 0.3973141486810552 0.6735531914893617 0.03702637889688262 0.13772340425531918
0 0.4788369304556355 0.8213829787234043 0.03703836930455634 0.12699999999999986
0 0.4374820143884892 0.8054255319148936 0.045431654676258974 0.14189361702127648
0 0.35354916067146286 0.6788723404255319 0.0406235011990409 0.12282978723404259
0 0.3139808153477218 0.6661063829787234 0.03821342925659459 0.12285106382978725
0 0.2708273381294964 0.6544042553191489 0.03581534772182241 0.1292340425531915
0 0.23185851318944845 0.6341914893617021 0.029808153477218106 0.13561702127659575
0 0.186294964028777 0.6458936170212766 0.0369904076738608 0.1334893617021277
0 0.14134292565947243 0.657595744680851 0.03579136690647471 0.11859574468085109
0 0.31158273381294965 0.8086170212765957 0.03821342925659459 0.1397659574468084
0 0.2684292565947242 0.8032978723404256 0.03821342925659459 0.13340425531914904
0 0.22646282973621104 0.7915957446808511 0.040599520383692925 0.13127659574468095
0 0.1838968824940048 0.7947872340425532 0.0369904076738608 0.13340425531914904
0 0.05201438848920863 0.7830851063829788 0.041774580335731316 0.14829787234042563
0 0.7056354916067147 0.9659574468085106 0.06354916067146282 0.06808510638297872