0 0.2513961813842482 0.13802966101694916 0.03930787589498806 0.11838983050847457
0 0.29673031026252983 0.1401271186440678 0.03452267303102626 0.12262711864406779
0 0.3659427207637232 0.14754237288135594 0.03212410501193313 0.12898305084745762
0 0.4041288782816229 0.1422457627118644 0.03449880668257753 0.12686440677966102
0 0.4500596658711217 0.1623728813559322 0.03330548926014316 0.12050847457627117
0 0.4995823389021479 0.15707627118644069 0.034486873508353194 0.12686440677966102
0 0.5377684964200478 0.16978813559322034 0.03210023866348446 0.12686440677966102
0 0.6057756563245823 0.16552966101694913 0.036861575178997665 0.13533898305084746
0 0.6541050119331742 0.16658898305084746 0.030883054892601562 0.13322033898305083
0 0.6982577565632458 0.15175847457627117 0.03325775656324569 0.14169491525423727
0 0.7883412887828162 0.15175847457627117 0.04159904534606193 0.137478813559322
0 0.8301073985680191 0.14963983050847457 0.03681384248210013 0.14595338983050846
0 0.8694749403341289 0.16023305084745762 0.029653937947493925 0.1290042372881356
0 0.9100477326968974 0.15707627118644069 0.03441527446300706 0.12264830508474578
0 0.9536038186157518 0.15389830508474575 0.04276849642004763 0.13747881355932207
0 0.19889021479713603 0.3583050847457627 0.08465393794749403 0.06741525423728813
0 0.40770883054892604 0.34875 0.039272076372315 0.13309322033898305
0 0.4423031026252983 0.3466313559322034 0.03449880668257753 0.1288559322033898
0 0.4870525059665871 0.34875 0.035680190930787566 0.12463983050847455
0 0.5318019093078759 0.3582838983050848 0.034486873508353194 0.13097457627118642
0 0.6141288782816229 0.3572033898305085 0.0416229116945108 0.13733050847457626
0 0.6558949880668258 0.3625 0.039236276849642135 0.12675847457627115
0 0.6982577565632458 0.3550847457627119 0.038031026252983165 0.12887711864406776
0 0.7376252983293556 0.3275635593220339 0.030871121718376957 0.12887711864406776
0 0.7835680190930787 0.3445127118644068 0.03443914081145573 0.12463983050847455
0 0.8205608591885442 0.3360381355932204 0.039200477326968866 0.13313559322033902
0 0.8629116945107399 0.3444915254237288 0.04278042959427197 0.12466101694915249
0 0.986873508353222 0.3538135593220339 0.026252983293556086 0.1228813559322034
0 0.18755369928400953 0.6685805084745763 0.033341288782816225 0.12442796610169496
0 0.18337708830548924 0.8041313559322034 0.0345346062052506 0.12434322033898293
0 0.2698926014319809 0.6601059322033899 0.035715990453460626 0.1371398305084746
0 0.35281622911694516 0.6833898305084746 0.03451073985680186 0.11171610169491529
0 0.3092601431980907 0.8263559322033899 0.03331742243436753 0.13069915254237274
0 0.39935560859188546 0.6855084745762712 0.036885441527446265 0.12019067796610174
0 0.43931980906921236 0.6897457627118644 0.02853221957040569 0.11171610169491529
0 0.35162291169451076 0.8104872881355932 0.03212410501193313 0.12434322033898293
0 0.3933890214797136 0.8178813559322035 0.039272076372315 0.13493644067796598
0 0.43752983293556086 0.8221398305084746 0.036885441527446265 0.12646186440677953
0 0.5210620525059666 0.6601059322033899 0.03447494033412886 0.1371398305084746
0 0.604582338902148 0.6770550847457627 0.03684964200477333 0.1371398305084746
0 0.5210620525059666 0.8221398305084746 0.036861575178997595 0.12646186440677953
0 0.5610262529832936 0.8189618644067796 0.04521479713603817 0.1412923728813558
0 0.6505250596658712 0.6865677966101695 0.0404295942720765 0.12230932203389834
0 0.6875178997613365 0.6823305084745763 0.038031026252983165 0.12233050847457629
0 0.7292720763723151 0.6749152542372882 0.03564439140811443 0.1286864406779661
0 0.7692482100238663 0.6632627118644068 0.029665871121718257 0.13504237288135595
0 0.8110143198090692 0.6685593220338983 0.03681384248210013 0.13292372881355935
0 0.8557517899761337 0.6865466101694916 0.035620525059665765 0.11809322033898308
0 0.6839379474940334 0.8284745762711865 0.038031026252983165 0.1391737288135592
0 0.7268854415274463 0.8189406779661017 0.038031026252983165 0.13283898305084754
0 0.7686515513126492 0.8051906779661017 0.040405727923627566 0.13072033898305094
0 0.8050477326968973 0.8168220338983051 0.03681384248210013 0.13283898305084754
0 0.9374940334128878 0.819978813559322 0.04157517899761327 0.14766949152542383
0 0.2645226730310262 0.8200000000000001 0.032136038186157526 0.1306779661016948
0 0.20485680190930786 0.13377118644067798 0.036921241050119326 0.11838983050847457
0 0.8818615751789977 0.03072033898305085 0.07637231503579953 0.0614406779661017
0 0.4619928400954654 0.47796610169491527 0.07152744630071606 0.07368644067796616