0 0.24420863309352517 0.1471276595744681 0.03949640287769784 0.11889361702127658
0 0.2909592326139089 0.14497872340425533 0.034688249400479626 0.12314893617021276
0 0.36290167865707434 0.1524255319148936 0.032278177458033526 0.129531914893617
0 0.4012709832134293 0.15136170212765956 0.03466426858513186 0.12740425531914892
0 0.4414268585131894 0.15668085106382978 0.03346522781774577 0.12102127659574467
0 0.4923860911270983 0.162 0.03465227817745801 0.12740425531914892
0 0.5295563549160671 0.17051063829787233 0.03225419664268583 0.12740425531914892
0 0.5978896882494005 0.15559574468085105 0.03703836930455641 0.13591489361702128
0 0.6500479616306954 0.15240425531914892 0.03103117505995217 0.1337872340425532
0 0.7016067146282974 0.154531914893617 0.03341726618705023 0.1422978723404255
0 0.7837290167865707 0.14814893617021277 0.041798561151079015 0.13806382978723403
0 0.8292925659472422 0.13751063829787233 0.0369904076738608 0.14657446808510635
0 0.8688489208633093 0.15240425531914892 0.029796163069544256 0.1295531914893617
0 0.9084172661870503 0.14710638297872342 0.03458033573141477 0.12317021276595747
0 0.9497841726618705 0.1417872340425532 0.04297362110311741 0.13806382978723408
0 0.19145083932853715 0.370468085106383 0.0850599520383693 0.06770212765957445
0 0.40486810551558755 0.3502340425531915 0.03946043165467622 0.1336595744680851
0 0.4384292565947242 0.3502340425531915 0.03466426858513186 0.12940425531914893
0 0.4857913669064748 0.34172340425531916 0.0358513189448441 0.1251702127659574
0 0.5307553956834532 0.3534255319148936 0.03465227817745801 0.131531914893617
0 0.6170743405275779 0.3608510638297872 0.04182254196642692 0.13791489361702125
0 0.6566426858513189 0.3470425531914894 0.03942446043165481 0.1272978723404255
0 0.6992086330935252 0.34808510638297874 0.03821342925659459 0.1294255319148936
0 0.7411630695443645 0.3310851063829788 0.031019184652278046 0.1294255319148936
0 0.7849280575539568 0.337468085106383 0.03460431654676247 0.1251702127659574
0 0.8220983213429257 0.3289574468085107 0.039388489208632985 0.1337021276595745
0 0.863453237410072 0.33106382978723403 0.042985611510791256 0.1251914893617021
0 0.9892086330935251 0.3382978723404255 0.02158273381294964 0.12340425531914893
0 0.18845323741007192 0.6735531914893617 0.033501199040767385 0.12495744680851067
0 0.1842565947242206 0.8181914893617022 0.034700239808153475 0.12487234042553179
0 0.2711870503597122 0.6650425531914893 0.03588729016786572 0.13772340425531918
0 0.35450839328537176 0.6884255319148936 0.03467625899280571 0.11219148936170216
0 0.3107434052757794 0.8320000000000001 0.03347721822541965 0.13125531914893604
0 0.4012709832134293 0.6905531914893617 0.03706235011990404 0.12070212765957451
0 0.4414268585131894 0.6948085106382978 0.0286690647482014 0.11219148936170216
0 0.3533093525179856 0.816063829787234 0.032278177458033526 0.12487234042553179
0 0.3952757793764988 0.8234893617021277 0.03946043165467622 0.13551063829787222
0 0.4396282973621103 0.8277659574468086 0.03706235011990404 0.12699999999999986
0 0.5235611510791367 0.6650425531914893 0.03464028776978416 0.13772340425531918
0 0.6074820143884891 0.682063829787234 0.03702637889688256 0.13772340425531918
0 0.5235611510791367 0.8150000000000001 0.03703836930455634 0.12699999999999986
0 0.564916067146283 0.816063829787234 0.045431654676258974 0.14189361702127648
0 0.6536450839328537 0.6916170212765957 0.0406235011990409 0.12282978723404259
0 0.6908153477218225 0.6873617021276596 0.03821342925659459 0.12285106382978725
0 0.7327697841726619 0.6799148936170213 0.03581534772182241 0.1292340425531915
0 0.772937649880096 0.6682127659574468 0.029808153477218106 0.13561702127659575
0 0.8161031175059952 0.6714042553191489 0.0369904076738608 0.1334893617021277
0 0.8610551558752998 0.6703404255319149 0.03579136690647471 0.11859574468085109
0 0.6896163069544364 0.8256170212765958 0.03821342925659459 0.1397659574468084
0 0.7303717026378896 0.8245531914893618 0.03821342925659459 0.13340425531914904
0 0.7723381294964029 0.8107446808510639 0.040599520383692925 0.13127659574468095
0 0.8113069544364508 0.8054042553191489 0.0369904076738608 0.13340425531914904
0 0.943189448441247 0.8149574468085106 0.041774580335731316 0.14829787234042563
0 0.2657913669064748 0.8256170212765958 0.032290167865707445 0.13123404255319138
0 0.19504796163069543 0.14710638297872342 0.03709832134292566 0.11889361702127658
0 0.5625179856115108 0.6660638297872341 0.05028776978417273 0.1314255319148936
0 0.7909232613908873 0.49170212765957444 0.08495203836930444 0.0633829787234043