0 0.2407007125890736 0.1458860759493671 0.03912114014251781 0.11789029535864978
0 0.2846318289786223 0.1479746835443038 0.034358669833729226 0.1221097046413502
0 0.3570783847980998 0.15535864978902952 0.03197149643705458 0.12843881856540085
0 0.395083135391924 0.150084388185654 0.03433491686460804 0.12632911392405063
0 0.43723277909738717 0.17012658227848101 0.033147268408551034 0.12
0 0.48533254156769595 0.1669620253164557 0.03432304038004748 0.12632911392405063
0 0.5209619952494061 0.17751054852320675 0.031947743467933463 0.12632911392405063
0 0.592209026128266 0.16905063291139238 0.036686460807601004 0.13476793248945146
0 0.6438717339667458 0.1679957805907173 0.030736342042755473 0.13265822784810125
0 0.6878147268408551 0.15955696202531644 0.03309976247030866 0.1410970464135021
0 0.7774703087885986 0.15955696202531644 0.04140142517814715 0.13689873417721515
0 0.8190380047505939 0.15744725738396623 0.03663895486935856 0.145337552742616
0 0.8582185273159145 0.1679957805907173 0.02951306413301652 0.12845991561181433
0 0.8985985748218528 0.1648523206751055 0.03425178147268399 0.12213080168776373
0 0.9336342042755345 0.1469198312236287 0.04256532066508304 0.1368987341772152
0 0.1908194774346793 0.36523206751054854 0.08425178147268408 0.0671308016877637
0 0.39864608076009506 0.3557172995780591 0.03908551068883607 0.13253164556962024
0 0.43307600950118763 0.3536075949367089 0.03433491686460804 0.12831223628691982
0 0.4776128266033254 0.3557172995780591 0.03551068883610448 0.12411392405063287
0 0.5221496437054631 0.36521097046413503 0.03432304038004748 0.13042194092827003
0 0.6040855106888361 0.3641350210970464 0.04142517814726847 0.13675105485232067
0 0.6432779097387173 0.35044303797468357 0.03904988123515452 0.1262236286919831
0 0.6854394299287411 0.35147679324894515 0.03785035629453669 0.1283333333333333
0 0.7269952494061758 0.334620253164557 0.030724465558194646 0.1283333333333333
0 0.7703444180522565 0.3409493670886076 0.03427553444180511 0.12411392405063287
0 0.8071615201900237 0.3325105485232068 0.039014251781472574 0.1325738396624473
0 0.84812351543943 0.33459915611814345 0.0425771971496436 0.12413502109704636
0 0.9805106888361046 0.3420042194092827 0.03660332541567688 0.12202531645569627
0 0.17953681710213776 0.6741983122362869 0.033182897862232774 0.12390295358649793
0 0.17538004750593822 0.8091772151898734 0.034370546318289785 0.12381856540084375
0 0.26148456057007124 0.665759493670886 0.03554631828978623 0.1365611814345992
0 0.3440142517814727 0.6889451476793249 0.0343467933491686 0.11124472573839667
0 0.300665083135392 0.8313080168776372 0.03315914489311162 0.13014767932489438
0 0.390332541567696 0.6910548523206751 0.03671021377672205 0.1196835443037975
0 0.4301068883610451 0.6952742616033756 0.028396674584323003 0.11124472573839667
0 0.3428266033254157 0.8155063291139241 0.03197149643705458 0.12381856540084375
0 0.384394299287411 0.8228691983122364 0.03908551068883607 0.1343670886075948
0 0.4283254156769596 0.8271097046413503 0.03671021377672205 0.12592827004219398
0 0.5114608076009501 0.665759493670886 0.03431116389548692 0.1365611814345992
0 0.59458432304038 0.6826371308016878 0.036674584323040445 0.1365611814345992
0 0.5114608076009501 0.8144514767932489 0.036686460807600935 0.12592827004219398
0 0.5524228028503563 0.8155063291139241 0.044999999999999984 0.14069620253164544
0 0.6403087885985748 0.6921097046413502 0.040237529691211534 0.12179324894514772
0 0.677125890736342 0.6878902953586498 0.03785035629453669 0.1218143459915612
0 0.7186817102137767 0.6805063291139241 0.03547505938242267 0.12814345991561182
0 0.7584679334916865 0.6689029535864979 0.02952494061757708 0.13447257383966246
0 0.8024109263657957 0.6720675105485232 0.03663895486935856 0.13236286919831225
0 0.844560570071259 0.6920886075949367 0.035451306413301555 0.11759493670886077
0 0.673562945368171 0.8334177215189874 0.03785035629453669 0.13858649789029523
0 0.7163064133016627 0.8239240506329114 0.03785035629453669 0.13227848101265832
0 0.757874109263658 0.8102320675105485 0.040213776722090144 0.1301687763713081
0 0.7940973871733966 0.8218143459915612 0.03663895486935856 0.13227848101265832
0 0.9259144893111639 0.8249578059071729 0.04137767220902603 0.1470464135021098
0 0.2561401425178147 0.8249789029535866 0.03198337292161521 0.1301265822784809
0 0.1908194774346793 0.13953586497890297 0.0367458432304038 0.11789029535864978
0 0.5500475059382423 0.6667721518987342 0.04980997624703094 0.13031645569620248