0 0.7710756501182033 0.15577731092436975 0.03893617021276602 0.11739495798319327
0 0.7249881796690307 0.15785714285714286 0.03419621749408991 0.12159663865546218
0 0.6493380614657209 0.16100840336134453 0.03182033096926722 0.12789915966386553
0 0.6056028368794325 0.15785714285714286 0.0341725768321512 0.12579831932773108
0 0.5683806146572105 0.163109243697479 0.03299054373522455 0.11949579831932772
0 0.5205082742316786 0.16205882352941176 0.034160756501182006 0.12579831932773108
0 0.4791371158392435 0.17676470588235293 0.03179669030732858 0.12579831932773108
0 0.4117730496453901 0.16203781512605042 0.036513002364066315 0.1342016806722689
0 0.36035460992907803 0.15888655462184872 0.030591016548463485 0.13210084033613445
0 0.3166193853427896 0.15468487394957983 0.03294326241134739 0.14050420168067226
0 0.2309338061465721 0.14418067226890754 0.04120567375886513 0.13632352941176468
0 0.18956264775413711 0.1294747899159664 0.03646572104018902 0.14472689075630252
0 0.14465721040189125 0.14418067226890754 0.029373522458628735 0.12792016806722686
0 0.1068321513002364 0.13894957983193276 0.03408983451536633 0.12161764705882357
0 0.06723404255319149 0.12111344537815126 0.04236406619385333 0.1363235294117647
0 0.8159929078014185 0.3805042016806723 0.08385342789598116 0.06684873949579831
0 0.6020567375886524 0.35422268907563026 0.038900709219858116 0.13197478991596637
0 0.5689716312056737 0.35422268907563026 0.03417257683215126 0.12777310924369747
0 0.5270094562647755 0.3395168067226891 0.03534278959810872 0.12359243697478989
0 0.4779550827423168 0.357373949579832 0.034160756501182006 0.12987394957983192
0 0.40231678486997635 0.3521008403361344 0.04122931442080391 0.1361764705882353
0 0.35621749408983455 0.34897058823529414 0.038865248226950484 0.12569327731092433
0 0.3166193853427896 0.3352941176470588 0.03767139479905424 0.12779411764705878
0 0.27053191489361705 0.3353151260504202 0.03057919621749396 0.12779411764705878
0 0.2297517730496454 0.32901260504201685 0.03411347517730485 0.12359243697478989
0 0.19074468085106383 0.33321428571428574 0.03882978723404244 0.13201680672268915
0 0.14997635933806147 0.3352941176470588 0.04237588652482259 0.12361344537815121
0 0.01939716312056734 0.33006302521008407 0.03643026004728125 0.12151260504201687
0 0.8189479905437352 0.6839705882352941 0.033026004728132455 0.12338235294117651
0 0.818356973995272 0.8225840336134455 0.034208037825059164 0.12329831932773097
0 0.737387706855792 0.6818697478991597 0.035378250591016625 0.13598739495798323
0 0.6517021276595744 0.6881512605042017 0.034184397163120654 0.11077731092436979
0 0.6948463356973994 0.8299159663865546 0.03300236406619394 0.12960084033613434
0 0.6056028368794325 0.6902521008403362 0.03653664302600462 0.1191806722689076
0 0.566016548463357 0.6944537815126051 0.028262411347517693 0.11077731092436979
0 0.6528841607565011 0.8141806722689076 0.03182033096926722 0.12329831932773097
0 0.6115130023640661 0.8215126050420168 0.038900709219858054 0.13380252100840323
0 0.5677895981087471 0.8257352941176471 0.03653664302600469 0.12539915966386542
0 0.4850472813238771 0.665063025210084 0.03414893617021275 0.13598739495798323
0 0.40231678486997635 0.6776680672268908 0.03650118203309705 0.13598739495798323
0 0.4850472813238771 0.8131302521008403 0.036513002364066176 0.12539915966386542
0 0.44427895981087473 0.8141806722689076 0.04478723404255318 0.1401050420168066
0 0.3568085106382979 0.6913025210084034 0.0400472813238772 0.12128151260504205
0 0.32016548463356975 0.6871008403361345 0.03767139479905424 0.12130252100840339
0 0.278806146572104 0.6797478991596638 0.03530732860520082 0.12760504201680675
0 0.2338888888888889 0.661890756302521 0.03293144208037813 0.1339075630252101
0 0.19783687943262412 0.6545588235294117 0.03646572104018902 0.13180672268907564
0 0.14879432624113476 0.6723949579831933 0.0352836879432623 0.11710084033613448
0 0.32016548463356975 0.8068067226890757 0.03767139479905424 0.13800420168067215
0 0.28117021276595744 0.8225630252100841 0.03767139479905424 0.13172268907563034
0 0.23979905437352247 0.8089285714285714 0.04002364066193841 0.1296218487394959
0 0.20138297872340427 0.803655462184874 0.03646572104018902 0.13172268907563034
0 0.06664302600472813 0.8025840336134453 0.04118203309692662 0.14642857142857152
0 0.7391607565011821 0.8236134453781513 0.031832151300236484 0.129579831932773
0 0.8136288416075651 0.1599579831932773 0.036572104018912595 0.11739495798319327
0 0.44664302600472816 0.6660714285714286 0.049574468085106446 0.12976890756302517
0 0.7142907801418439 0.5264285714285715 0.06719858156028358 0.11506302521008399