0 0.25140963855421683 0.1376609442060086 0.039686746987951806 0.11991416309012874
0 0.2959759036144578 0.13763948497854078 0.034855421686747 0.12420600858369098
0 0.365855421686747 0.1494420600858369 0.032433734939758985 0.13064377682403433
0 0.41043373493975904 0.1526609442060086 0.03483132530120478 0.1284978540772532
0 0.4531927710843373 0.15802575107296138 0.03362650602409635 0.12206008583690986
0 0.4983734939759036 0.1526609442060086 0.03481927710843371 0.1284978540772532
0 0.5369277108433734 0.16553648068669527 0.03240963855421684 0.1284978540772532
0 0.608 0.16551502145922745 0.03721686746987957 0.13708154506437767
0 0.6567951807228916 0.17087982832618026 0.031180722891566398 0.13493562231759657
0 0.7073975903614458 0.16658798283261803 0.033578313253011915 0.143519313304721
0 0.7911204819277108 0.1622961373390558 0.04199999999999988 0.13924892703862657
0 0.833289156626506 0.15800429184549356 0.03716867469879507 0.14783261802575104
0 0.8742409638554217 0.1644420600858369 0.02993975903614447 0.13066523605150213
0 0.9164096385542169 0.17839055793991415 0.03474698795180713 0.12422746781115879
0 0.9567710843373494 0.17087982832618026 0.043180722891566166 0.13924892703862657
0 0.19478313253012047 0.356480686695279 0.08546987951807229 0.06828326180257509
0 0.4056144578313253 0.3468025751072962 0.03965060240963852 0.13480686695278968
0 0.44054216867469875 0.34465665236051507 0.03483132530120478 0.13051502145922744
0 0.485722891566265 0.3468025751072962 0.03602409638554214 0.126244635193133
0 0.5309036144578313 0.35645922746781117 0.03481927710843371 0.13266094420600857
0 0.6128192771084338 0.3725321888412017 0.042024096385542234 0.1390987124463519
0 0.6561927710843374 0.36072961373390555 0.03961445783132543 0.12839055793991414
0 0.6989638554216867 0.35321888412017166 0.03839759036144565 0.13053648068669524
0 0.7447349397590362 0.35324034334763954 0.03116867469879505 0.13053648068669524
0 0.7863012048192771 0.35538626609442064 0.034771084337349274 0.126244635193133
0 0.8260602409638554 0.35321888412017166 0.03957831325301194 0.13484978540772527
0 0.8688192771084338 0.36609442060085834 0.043192771084337236 0.1262660944206008
0 0.9903614457831326 0.37124463519313305 0.01927710843373494 0.12446351931330472
0 0.18333734939759036 0.6707510729613734 0.03366265060240964 0.126030042918455
0 0.17912048192771082 0.8080472103004293 0.03486746987951807 0.12594420600858355
0 0.2664698795180723 0.662167381974249 0.03606024096385543 0.13890557939914167
0 0.3501927710843374 0.6857510729613734 0.03484337349397586 0.11315450643776828
0 0.30621686746987953 0.8305579399141632 0.033638554216867456 0.13238197424892692
0 0.3971807228915663 0.6878969957081545 0.037240963855421645 0.12173819742489274
0 0.4375301204819277 0.6921888412017168 0.028807228915662612 0.11315450643776828
0 0.34898795180722897 0.8144849785407725 0.032433734939758985 0.12594420600858355
0 0.3911566265060241 0.8219742489270386 0.03965060240963852 0.13667381974248916
0 0.43572289156626504 0.8262875536480687 0.037240963855421645 0.12809012875536469
0 0.5200602409638554 0.662167381974249 0.03480722891566263 0.13890557939914167
0 0.6465421686746988 0.5174248927038627 0.07095180722891571 0.08530042918454936
0 0.6043855421686747 0.6922103004291845 0.037204819277108496 0.13890557939914167
0 0.5200602409638554 0.8262875536480687 0.037216867469879504 0.12809012875536469
0 0.5604096385542169 0.823068669527897 0.04565060240963854 0.1431115879828325
0 0.649566265060241 0.706137339055794 0.04081927710843387 0.12388412017167386
0 0.6881204819277108 0.6932618025751073 0.03839759036144565 0.12390557939914165
0 0.730277108433735 0.6900429184549356 0.03598795180722878 0.130343347639485
0 0.7706385542168674 0.6825321888412017 0.029951807228915543 0.13678111587982836
0 0.8152168674698795 0.6857510729613734 0.03716867469879507 0.13463519313304723
0 0.8603855421686747 0.7082618025751073 0.03596385542168664 0.11961373390557942
0 0.6845060240963855 0.8327038626609442 0.03839759036144565 0.14096566523605136
0 0.7254578313253012 0.8402145922746782 0.03839759036144565 0.13454935622317607
0 0.7712409638554217 0.828412017167382 0.04079518072289145 0.13240343347639494
0 0.8079879518072289 0.8445064377682404 0.03716867469879507 0.13454935622317607
0 0.9393012048192771 0.8412660944206009 0.04197590361445773 0.14957081545064388
0 0.2610481927710843 0.8241201716738198 0.03244578313253013 0.13236051502145912
0 0.7337349397590361 0.9785407725321889 0.07710843373493977 0.04291845493562232
0 0.20442168674698794 0.13120171673819742 0.03727710843373494 0.11991416309012874
0 0.7777108433734939 0.0407725321888412 0.056626506024096385 0.0815450643776824
0 0.13514457831325302 0.5119957081545065 0.07945783132530122 0.08321888412017174