0 0.8341325301204819 0.16017167381974248 0.03486746987951814 0.1134763948497854
0 0.7883493975903615 0.16553648068669527 0.039686746987951875 0.11991416309012874
0 0.7413734939759037 0.1548068669527897 0.034855421686747066 0.12420600858369098
0 0.6702891566265059 0.15802575107296138 0.032433734939759123 0.13064377682403433
0 0.6257108433734939 0.15695278969957083 0.03483132530120471 0.1284978540772532
0 0.5841566265060242 0.15587982832618025 0.03362650602409635 0.12206008583690986
0 0.5329518072289157 0.1526609442060086 0.03481927710843371 0.1284978540772532
0 0.49560240963855423 0.1526609442060086 0.03240963855421684 0.1284978540772532
0 0.42573493975903615 0.1397854077253219 0.037216867469879504 0.13708154506437767
0 0.3769397590361446 0.14085836909871244 0.031180722891566398 0.13493562231759657
0 0.3275421686746988 0.12583690987124463 0.033578313253011915 0.143519313304721
0 0.23900000000000002 0.11725321888412017 0.04199999999999988 0.13924892703862665
0 0.1968313253012048 0.10866952789699572 0.03716867469879507 0.1478326180257511
0 0.15467469879518073 0.11725321888412017 0.02993975903614447 0.13066523605150218
0 0.11612048192771084 0.1119098712446352 0.03474698795180713 0.1242274678111588
0 0.07455421686746988 0.09796137339055794 0.043180722891566166 0.13924892703862662
0 0.8353373493975904 0.39508583690987126 0.08546987951807236 0.06828326180257509
0 0.6714939759036144 0.4283047210300429 0.03484337349397599 0.13903433476394855
0 0.6220963855421686 0.3510944206008584 0.03965060240963845 0.13480686695278968
0 0.5847590361445784 0.3468025751072962 0.03483132530120478 0.13051502145922744
0 0.5407831325301206 0.3403648068669528 0.03602409638554214 0.126244635193133
0 0.4943975903614458 0.3457296137339056 0.03481927710843371 0.13266094420600857
0 0.4088674698795181 0.3468025751072962 0.042024096385542165 0.1390987124463519
0 0.3679036144578313 0.3371459227467811 0.03961445783132543 0.12839055793991414
0 0.3227228915662651 0.32748927038626613 0.03839759036144565 0.13053648068669524
0 0.28297590361445785 0.3146351931330472 0.03116867469879505 0.13053648068669524
0 0.24020481927710843 0.3167811158798283 0.034771084337349274 0.126244635193133
0 0.1992409638554217 0.30175965665236054 0.03957831325301194 0.13484978540772538
0 0.15527710843373493 0.30175965665236054 0.043192771084337236 0.12626609442060094
0 0.019746987951807213 0.29639484978540775 0.03714457831325292 0.1241201716738198
0 0.8311204819277109 0.7050643776824035 0.03366265060240971 0.126030042918455
0 0.8269036144578313 0.838068669527897 0.03486746987951814 0.12594420600858355
0 0.7467831325301205 0.6878969957081545 0.036060240963855496 0.13890557939914167
0 0.7485903614457832 0.8498712446351931 0.034855421686747066 0.13667381974248916
0 0.6642650602409638 0.6986266094420601 0.03484337349397599 0.11315450643776828
0 0.7022168674698794 0.8477253218884121 0.03363855421686756 0.13238197424892692
0 0.614867469879518 0.6921888412017168 0.037240963855421645 0.12173819742489274
0 0.5745180722891566 0.696480686695279 0.028807228915662612 0.11315450643776828
0 0.6606506024096385 0.8295064377682404 0.032433734939759123 0.12594420600858355
0 0.6136626506024097 0.8348497854077254 0.03965060240963852 0.13667381974248916
0 0.5703012048192772 0.8305793991416309 0.037240963855421645 0.12809012875536469
0 0.49198795180722893 0.6664592274678112 0.03480722891566263 0.13890557939914167
0 0.4492289156626506 0.6739699570815451 0.0336024096385542 0.1410515021459228
0 0.4052530120481928 0.6793347639484978 0.03720481927710843 0.13890557939914167
0 0.4871686746987952 0.8284334763948498 0.037216867469879504 0.12809012875536469
0 0.4456144578313253 0.8123390557939915 0.04565060240963854 0.1431115879828325
0 0.36127710843373495 0.6846995708154506 0.04081927710843387 0.12388412017167386
0 0.32151807228915663 0.6718240343347639 0.03839759036144565 0.12390557939914165
0 0.27695180722891566 0.662167381974249 0.03598795180722878 0.130343347639485
0 0.23297590361445783 0.6460729613733905 0.029951807228915543 0.13678111587982836
0 0.1932168674698795 0.6514377682403434 0.03716867469879507 0.13463519313304723
0 0.14804819277108433 0.6632403433476395 0.03596385542168664 0.11961373390557942
0 0.3191084337349398 0.8155579399141631 0.03839759036144565 0.14096566523605136
0 0.27574698795180724 0.8101931330472103 0.03839759036144565 0.13454935622317607
0 0.23357831325301207 0.7983905579399142 0.04079518072289145 0.13240343347639494
0 0.19080722891566265 0.8016094420600859 0.03716867469879507 0.13454935622317607
0 0.058289156626506015 0.7898068669527897 0.04197590361445773 0.14957081545064388