0 0.1860688836104513 0.16168776371308016 0.034370546318289785 0.11156118143459914
0 0.22882422802850355 0.16274261603375528 0.03912114014251781 0.11789029535864978
0 0.27869358669833727 0.15219409282700422 0.034358669833729226 0.1221097046413502
0 0.34876484560570076 0.16168776371308016 0.03197149643705458 0.12843881856540085
0 0.38795724465558196 0.15852320675105486 0.03433491686460804 0.12632911392405063
0 0.4301068883610451 0.16168776371308016 0.033147268408551034 0.12
0 0.4793942992874109 0.15430379746835443 0.03432304038004748 0.12632911392405063
0 0.5185866983372921 0.15852320675105486 0.031947743467933463 0.12632911392405063
0 0.586270783847981 0.14586497890295358 0.036686460807600935 0.13476793248945146
0 0.6367458432304037 0.14059071729957806 0.030736342042755473 0.13265822784810125
0 0.6854394299287411 0.1321518987341772 0.03309976247030866 0.1410970464135021
0 0.7727197149643705 0.12371308016877637 0.04140142517814715 0.1368987341772152
0 0.8154750593824228 0.11527426160337553 0.03663895486935856 0.14533755274261606
0 0.8558432304038005 0.12582278481012657 0.02951306413301652 0.12845991561181436
0 0.8950356294536818 0.11845991561181435 0.03425178147268399 0.12213080168776372
0 0.9348218527315915 0.10685654008438818 0.04256532066508304 0.13689873417721518
0 0.18488123515439428 0.38630801687763716 0.08425178147268408 0.0671308016877637
0 0.3404513064133017 0.4379957805907173 0.0343467933491686 0.13668776371308022
0 0.39270783847981 0.3536075949367089 0.03908551068883607 0.13253164556962024
0 0.43307600950118763 0.35149789029535866 0.03433491686460804 0.12831223628691982
0 0.47404988123515435 0.3430590717299578 0.03551068883610448 0.12411392405063287
0 0.5197743467933491 0.35044303797468357 0.03432304038004748 0.13042194092827003
0 0.6040855106888361 0.3493881856540085 0.04142517814726847 0.13675105485232067
0 0.6444655581947744 0.33989451476793253 0.03904988123515452 0.1262236286919831
0 0.6878147268408551 0.3325105485232068 0.03785035629453669 0.1283333333333333
0 0.7281828978622328 0.31776371308016876 0.030724465558194646 0.1283333333333333
0 0.7703444180522565 0.31776371308016876 0.03427553444180511 0.12411392405063287
0 0.8130997624703088 0.30510548523206754 0.039014251781472574 0.1325738396624473
0 0.8540617577197149 0.30932489451476797 0.0425771971496436 0.12413502109704645
0 0.9839667458432304 0.29957805907172996 0.032066508313539195 0.12236286919831224
0 0.18309976247030876 0.7016033755274261 0.033182897862232774 0.12390295358649793
0 0.1872565320665083 0.8323628691983123 0.034370546318289785 0.12381856540084375
0 0.2662351543942993 0.6847257383966244 0.03554631828978623 0.1365611814345992
0 0.2668289786223278 0.8376371308016878 0.034358669833729226 0.1343670886075948
0 0.3523277909738718 0.6973839662447258 0.0343467933491686 0.11124472573839667
0 0.310166270783848 0.8418565400843883 0.03315914489311162 0.13014767932489438
0 0.39627078384798103 0.6889451476793249 0.03671021377672205 0.1196835443037975
0 0.43604513064133016 0.6931645569620253 0.028396674584323003 0.11124472573839667
0 0.3511401425178148 0.8239451476793249 0.03197149643705458 0.12381856540084375
0 0.39745843230403805 0.8291983122362869 0.03908551068883607 0.1343670886075948
0 0.44020190023752964 0.8250000000000001 0.03671021377672205 0.12592827004219398
0 0.5209619952494061 0.665759493670886 0.03431116389548692 0.1365611814345992
0 0.5619239904988124 0.6710337552742616 0.033123515439429915 0.1386708860759494
0 0.6028978622327791 0.6763080168776371 0.036674584323040445 0.1365611814345992
0 0.5221496437054631 0.8228902953586498 0.036686460807600935 0.12592827004219398
0 0.5631116389548694 0.8070675105485232 0.044999999999999984 0.14069620253164544
0 0.6462470308788598 0.6815822784810126 0.040237529691211534 0.12179324894514772
0 0.6854394299287411 0.6689240506329114 0.03785035629453669 0.1218143459915612
0 0.7293705463182898 0.6594303797468354 0.03547505938242267 0.12814345991561182
0 0.7727197149643705 0.6436075949367088 0.02952494061757708 0.13447257383966246
0 0.8119121140142518 0.6488818565400843 0.03663895486935856 0.13236286919831225
0 0.856437054631829 0.6604852320675105 0.035451306413301555 0.11759493670886077
0 0.6878147268408551 0.8102320675105485 0.03785035629453669 0.13858649789029523
0 0.7305581947743468 0.804957805907173 0.03785035629453669 0.13227848101265832
0 0.7721258907363421 0.7933544303797468 0.040213776722090144 0.1301687763713081
0 0.8142874109263658 0.7965189873417722 0.03663895486935856 0.13227848101265832
0 0.944916864608076 0.784915611814346 0.04137767220902603 0.1470464135021098