0 0.8202028639618139 0.16661016949152543 0.03453460620525066 0.11203389830508474
0 0.774856801909308 0.17190677966101695 0.03930787589498813 0.11838983050847457
0 0.7283293556085919 0.1613135593220339 0.03452267303102633 0.12262711864406779
0 0.6579236276849642 0.1644915254237288 0.03212410501193326 0.12898305084745762
0 0.6137708830548925 0.1634322033898305 0.03449880668257746 0.12686440677966102
0 0.5726133651551313 0.1623728813559322 0.03330548926014316 0.12050847457627117
0 0.5218973747016706 0.1591949152542373 0.034486873508353194 0.12686440677966102
0 0.48490453460620525 0.1591949152542373 0.03210023866348446 0.12686440677966102
0 0.4157040572792363 0.14648305084745764 0.036861575178997595 0.13533898305084746
0 0.3673747016706444 0.14754237288135594 0.030883054892601562 0.13322033898305083
0 0.3184486873508353 0.13271186440677965 0.03325775656324569 0.14169491525423727
0 0.23075178997613366 0.12423728813559322 0.04159904534606193 0.13747881355932207
0 0.1889856801909308 0.11576271186440679 0.03681384248210013 0.1459533898305085
0 0.14723150357995227 0.12423728813559322 0.029653937947493925 0.12900423728813562
0 0.1090453460620525 0.11896186440677965 0.03441527446300706 0.12264830508474577
0 0.06787589498806681 0.1051906779661017 0.04276849642004763 0.13747881355932204
0 0.8213961813842483 0.3985381355932204 0.0846539379474941 0.06741525423728813
0 0.6591169451073985 0.43133474576271186 0.034510739856801996 0.13726694915254242
0 0.6101909307875895 0.3551059322033899 0.039272076372315 0.13309322033898305
0 0.5732100238663485 0.35086864406779666 0.03449880668257753 0.1288559322033898
0 0.529653937947494 0.3445127118644068 0.035680190930787566 0.12463983050847455
0 0.4837112171837709 0.3498093220338983 0.034486873508353194 0.13097457627118642
0 0.39899761336515516 0.35086864406779666 0.04162291169451087 0.13733050847457626
0 0.35842482100238665 0.3413347457627119 0.039236276849642135 0.12675847457627115
0 0.31367541766109786 0.33180084745762717 0.038031026252983165 0.12887711864406776
0 0.27430787589498806 0.31911016949152543 0.030871121718376957 0.12887711864406776
0 0.23194510739856802 0.32122881355932204 0.03443914081145573 0.12463983050847455
0 0.19137231503579952 0.30639830508474575 0.039200477326968866 0.13313559322033905
0 0.14782816229116943 0.30639830508474575 0.04278042959427197 0.1246610169491526
0 0.016109785202863963 0.3008474576271186 0.032219570405727926 0.1228813559322034
0 0.817219570405728 0.7045762711864407 0.033341288782816295 0.12442796610169496
0 0.8130429594272077 0.8358898305084747 0.03453460620525066 0.12434322033898293
0 0.7336873508353222 0.6876271186440678 0.035715990453460696 0.1371398305084746
0 0.7366706443914082 0.8856567796610169 0.03452267303102633 0.13493644067796623
0 0.6519570405727922 0.6982203389830508 0.034510739856801996 0.11171610169491529
0 0.6895465393794749 0.8454237288135593 0.03331742243436763 0.13069915254237274
0 0.6030310262529832 0.691864406779661 0.036885441527446265 0.12019067796610174
0 0.5630668257756564 0.6961016949152542 0.02853221957040569 0.11171610169491529
0 0.6483770883054891 0.8274364406779662 0.03212410501193326 0.12434322033898293
0 0.6018377088305489 0.8327118644067797 0.039272076372315 0.13493644067796598
0 0.5588902147971361 0.8284957627118644 0.036885441527446265 0.12646186440677953
0 0.4813245823389022 0.6664618644067797 0.03447494033412886 0.1371398305084746
0 0.43897374701670644 0.6738771186440677 0.033281622911694494 0.13925847457627122
0 0.39541766109785204 0.6791737288135593 0.0368496420047734 0.1371398305084746
0 0.4765513126491647 0.8263771186440678 0.036861575178997595 0.12646186440677953
0 0.4353937947494034 0.8104872881355932 0.04521479713603817 0.1412923728813558
0 0.35186157517899763 0.6844703389830509 0.0404295942720765 0.12230932203389834
0 0.3124821002386635 0.6717584745762711 0.038031026252983165 0.12233050847457629
0 0.2683412887828162 0.6622245762711865 0.03564439140811443 0.1286864406779661
0 0.2247852028639618 0.6463347457627119 0.029665871121718257 0.13504237288135595
0 0.1854057279236277 0.6516313559322033 0.03681384248210013 0.13292372881355935
0 0.14066825775656325 0.6632838983050847 0.035620525059665765 0.11809322033898308
0 0.3100954653937948 0.8136652542372882 0.038031026252983165 0.1391737288135592
0 0.2671479713603819 0.8083686440677966 0.038031026252983165 0.13283898305084754
0 0.225381861575179 0.7967161016949152 0.040405727923627566 0.13072033898305094
0 0.18301909307875897 0.7998940677966102 0.03681384248210013 0.13283898305084754
0 0.05176610978520286 0.7882415254237288 0.04157517899761327 0.14766949152542383