0 0.24901425178147266 0.15010548523206751 0.03912114014251781 0.11789029535864978
0 0.29294536817102135 0.150084388185654 0.034358669833729226 0.1221097046413502
0 0.3618289786223278 0.16168776371308016 0.03197149643705458 0.12843881856540085
0 0.40577197149643707 0.1648523206751055 0.03433491686460804 0.12632911392405063
0 0.4479216152019002 0.17012658227848101 0.033147268408551034 0.12
0 0.49245843230403796 0.1648523206751055 0.03432304038004748 0.12632911392405063
0 0.5304631828978622 0.17751054852320675 0.031947743467933463 0.12632911392405063
0 0.6005225653206651 0.17748945147679324 0.036686460807601004 0.13476793248945146
0 0.6486223277909738 0.18276371308016875 0.030736342042755473 0.13265822784810125
0 0.6985035629453682 0.17854430379746836 0.03309976247030866 0.1410970464135021
0 0.7810332541567696 0.17432489451476793 0.04140142517814715 0.13689873417721515
0 0.8226009501187649 0.1701054852320675 0.03663895486935856 0.145337552742616
0 0.8629691211401426 0.17643459915611814 0.02951306413301652 0.12845991561181433
0 0.9045368171021377 0.19014767932489451 0.03425178147268399 0.1221308016877637
0 0.9443230403800476 0.18276371308016875 0.04256532066508304 0.13689873417721515
0 0.19319477434679333 0.36523206751054854 0.08425178147268408 0.0671308016877637
0 0.4010213776722091 0.3557172995780591 0.03908551068883607 0.13253164556962024
0 0.43545130641330165 0.3536075949367089 0.03433491686460804 0.12831223628691982
0 0.4799881235154394 0.3557172995780591 0.03551068883610448 0.12411392405063287
0 0.5245249406175772 0.36521097046413503 0.03432304038004748 0.13042194092827003
0 0.6052731591448931 0.3810126582278481 0.04142517814726847 0.13675105485232067
0 0.6480285035629454 0.36940928270042195 0.03904988123515452 0.1262236286919831
0 0.6901900237529691 0.3620253164556962 0.03785035629453669 0.1283333333333333
0 0.7353087885985748 0.36204641350210975 0.030724465558194646 0.1283333333333333
0 0.7762826603325416 0.36415611814345994 0.03427553444180511 0.12411392405063287
0 0.8154750593824228 0.3620253164556962 0.039014251781472574 0.1325738396624472
0 0.857624703087886 0.37468354430379747 0.0425771971496436 0.12413502109704636
0 0.9839667458432304 0.379746835443038 0.032066508313539195 0.12236286919831224
0 0.18191211401425178 0.6741983122362869 0.033182897862232774 0.12390295358649793
0 0.17775534441805224 0.8091772151898734 0.034370546318289785 0.12381856540084375
0 0.26385985748218527 0.665759493670886 0.03554631828978623 0.1365611814345992
0 0.34638954869358674 0.6889451476793249 0.0343467933491686 0.11124472573839667
0 0.30304038004750594 0.8313080168776372 0.03315914489311162 0.13014767932489438
0 0.39270783847981 0.6910548523206751 0.03671021377672205 0.1196835443037975
0 0.4324821852731591 0.6952742616033756 0.028396674584323003 0.11124472573839667
0 0.3452019002375297 0.8155063291139241 0.03197149643705458 0.12381856540084375
0 0.38676959619952495 0.8228691983122364 0.03908551068883607 0.1343670886075948
0 0.4307007125890736 0.8271097046413503 0.03671021377672205 0.12592827004219398
0 0.513836104513064 0.665759493670886 0.03431116389548692 0.1365611814345992
0 0.5524228028503563 0.6604852320675105 0.033123515439429915 0.1386708860759494
0 0.596959619952494 0.695295358649789 0.036674584323040445 0.1365611814345992
0 0.513836104513064 0.8271097046413503 0.036686460807600935 0.12592827004219398
0 0.5536104513064133 0.8239451476793249 0.044999999999999984 0.14069620253164544
0 0.6414964370546318 0.708987341772152 0.040237529691211534 0.12179324894514772
0 0.679501187648456 0.6963291139240506 0.03785035629453669 0.1218143459915612
0 0.7210570071258907 0.6931645569620253 0.03547505938242267 0.12814345991561182
0 0.7608432304038004 0.6857805907172996 0.02952494061757708 0.13447257383966246
0 0.8047862232779097 0.6889451476793249 0.03663895486935856 0.13236286919831225
0 0.8493111638954869 0.7110759493670886 0.035451306413301555 0.11759493670886077
0 0.675938242280285 0.8334177215189874 0.03785035629453669 0.13858649789029523
0 0.7163064133016627 0.8408016877637131 0.03785035629453669 0.13227848101265832
0 0.761437054631829 0.8291983122362869 0.040213776722090144 0.1301687763713081
0 0.7976603325415677 0.8450210970464136 0.03663895486935856 0.13227848101265832
0 0.927102137767221 0.8418354430379746 0.04137767220902603 0.1470464135021098
0 0.2585154394299287 0.8249789029535866 0.03198337292161521 0.1301265822784809
0 0.44655581947743467 0.9736286919831224 0.08076009501187649 0.052742616033755275
0 0.2026959619952494 0.14375527426160337 0.0367458432304038 0.11789029535864978
0 0.767814726840855 0.04746835443037975 0.055819477434679333 0.0949367088607595
0 0.007125890736342043 0.31329113924050633 0.014251781472684086 0.15822784810126583