0 0.2538192771084337 0.14839055793991418 0.039686746987951806 0.11991416309012874
0 0.2983855421686747 0.14836909871244636 0.034855421686747 0.12420600858369098
0 0.3682650602409639 0.16017167381974248 0.032433734939758985 0.13064377682403433
0 0.41284337349397593 0.16339055793991417 0.03483132530120478 0.1284978540772532
0 0.4556024096385542 0.16875536480686695 0.03362650602409635 0.12206008583690986
0 0.5007831325301204 0.16339055793991417 0.03481927710843371 0.1284978540772532
0 0.5393373493975904 0.17626609442060087 0.03240963855421684 0.1284978540772532
0 0.6104096385542168 0.17624463519313305 0.03721686746987957 0.13708154506437767
0 0.6592048192771084 0.18160944206008584 0.031180722891566398 0.13493562231759657
0 0.7098072289156626 0.1773175965665236 0.033578313253011915 0.143519313304721
0 0.7935301204819277 0.17302575107296136 0.04199999999999988 0.13924892703862657
0 0.8356987951807229 0.16873390557939913 0.03716867469879507 0.14783261802575104
0 0.8766506024096385 0.17517167381974247 0.02993975903614447 0.13066523605150213
0 0.9188192771084337 0.18912017167381973 0.03474698795180713 0.12422746781115879
0 0.9591807228915663 0.18160944206008584 0.043180722891566166 0.13924892703862657
0 0.19719277108433733 0.36721030042918457 0.08546987951807229 0.06828326180257509
0 0.4080240963855422 0.35753218884120175 0.03965060240963852 0.13480686695278968
0 0.44295180722891564 0.35538626609442064 0.03483132530120478 0.13051502145922744
0 0.4881325301204819 0.35753218884120175 0.03602409638554214 0.126244635193133
0 0.5333132530120481 0.36718884120171674 0.03481927710843371 0.13266094420600857
0 0.6152289156626506 0.3832618025751073 0.042024096385542234 0.1390987124463519
0 0.6586024096385542 0.3714592274678111 0.03961445783132543 0.12839055793991414
0 0.7013734939759037 0.36394849785407724 0.03839759036144565 0.13053648068669524
0 0.747144578313253 0.3639699570815451 0.03116867469879505 0.13053648068669524
0 0.788710843373494 0.3661158798283262 0.034771084337349274 0.126244635193133
0 0.8284698795180723 0.36394849785407724 0.03957831325301194 0.13484978540772527
0 0.8712289156626506 0.3768240343347639 0.043192771084337236 0.1262660944206008
0 0.9915662650602409 0.38197424892703863 0.016867469879518072 0.12446351931330472
0 0.18574698795180722 0.681480686695279 0.03366265060240964 0.126030042918455
0 0.1815301204819277 0.8187768240343348 0.03486746987951807 0.12594420600858355
0 0.26887951807228916 0.6728969957081545 0.03606024096385543 0.13890557939914167
0 0.35260240963855427 0.696480686695279 0.03484337349397586 0.11315450643776828
0 0.3086265060240964 0.8412875536480687 0.033638554216867456 0.13238197424892692
0 0.39959036144578314 0.6986266094420601 0.037240963855421645 0.12173819742489274
0 0.4399397590361446 0.7029184549356223 0.028807228915662612 0.11315450643776828
0 0.3513975903614458 0.8252145922746781 0.032433734939758985 0.12594420600858355
0 0.393566265060241 0.8327038626609442 0.03965060240963852 0.13667381974248916
0 0.4381325301204819 0.8370171673819743 0.037240963855421645 0.12809012875536469
0 0.5224698795180722 0.6728969957081545 0.03480722891566263 0.13890557939914167
0 0.5616144578313252 0.6782618025751073 0.0336024096385542 0.1410515021459228
0 0.6067951807228915 0.7029399141630901 0.037204819277108496 0.13890557939914167
0 0.5224698795180722 0.8370171673819743 0.037216867469879504 0.12809012875536469
0 0.5628192771084337 0.8337982832618026 0.04565060240963854 0.1431115879828325
0 0.6519759036144578 0.7168669527896996 0.04081927710843387 0.12388412017167386
0 0.6905301204819277 0.7039914163090129 0.03839759036144565 0.12390557939914165
0 0.7326867469879518 0.7007725321888412 0.03598795180722878 0.130343347639485
0 0.7730481927710844 0.6932618025751073 0.029951807228915543 0.13678111587982836
0 0.8176265060240964 0.696480686695279 0.03716867469879507 0.13463519313304723
0 0.8627951807228915 0.7189914163090129 0.03596385542168664 0.11961373390557942
0 0.6869156626506024 0.8434334763948498 0.03839759036144565 0.14096566523605136
0 0.7278674698795181 0.8509442060085838 0.03839759036144565 0.13454935622317607
0 0.7736506024096386 0.8391416309012876 0.04079518072289145 0.13240343347639494
0 0.8103975903614458 0.855236051502146 0.03716867469879507 0.13454935622317607
0 0.9453253012048193 0.8519957081545064 0.04197590361445773 0.14957081545064388
0 0.2634578313253012 0.8348497854077254 0.03244578313253013 0.13236051502145912
0 0.38795180722891565 0.9796137339055794 0.0819277108433735 0.0407725321888412
0 0.2068313253012048 0.14193133047210302 0.03727710843373494 0.11991416309012874
0 0.772289156626506 0.03540772532188841 0.03855421686746988 0.07081545064377683