0 0.747434988179669 0.14737394957983194 0.03893617021276602 0.11739495798319327
0 0.70371158392435 0.1473529411764706 0.03419621749408991 0.12159663865546218
0 0.6351536643026003 0.15890756302521009 0.03182033096926722 0.12789915966386553
0 0.591418439716312 0.16205882352941176 0.03417257683215126 0.12579831932773108
0 0.549468085106383 0.1673109243697479 0.03299054373522455 0.11949579831932772
0 0.5051418439716312 0.16205882352941176 0.034160756501182006 0.12579831932773108
0 0.4673167848699764 0.1746638655462185 0.03179669030732858 0.12579831932773108
0 0.3999527186761229 0.17044117647058823 0.036513002364066315 0.1342016806722689
0 0.3508983451536643 0.17989495798319327 0.030591016548463485 0.13210084033613445
0 0.30479905437352245 0.17149159663865546 0.03294326241134739 0.14050420168067226
0 0.21793144208037826 0.17149159663865546 0.04120567375886513 0.13632352941176468
0 0.17656028368794327 0.16728991596638654 0.03646572104018902 0.1447268907563025
0 0.13638297872340424 0.1735924369747899 0.029373522458628735 0.12792016806722686
0 0.09501182033096926 0.16836134453781512 0.03408983451536633 0.12161764705882357
0 0.055413711583924344 0.15890756302521009 0.04236406619385333 0.13632352941176473
0 0.8029905437352246 0.3615966386554622 0.08385342789598116 0.06684873949579831
0 0.5961465721040189 0.3521218487394958 0.038900709219858116 0.13197478991596637
0 0.5618794326241136 0.35002100840336137 0.03417257683215126 0.12777310924369747
0 0.5175531914893617 0.3521218487394958 0.03534278959810872 0.12359243697478989
0 0.47322695035460993 0.3615756302521009 0.034160756501182006 0.12987394957983192
0 0.39167848699763597 0.36050420168067226 0.04122931442080391 0.1361764705882353
0 0.350307328605201 0.3657563025210084 0.038865248226950484 0.12569327731092433
0 0.3083451536643026 0.3584033613445378 0.03767139479905424 0.12779411764705878
0 0.2681678486997636 0.3458193277310925 0.03057919621749396 0.12779411764705878
0 0.22265957446808513 0.36052521008403365 0.03411347517730485 0.12359243697478989
0 0.18365248226950356 0.3584033613445378 0.03882978723404244 0.13201680672268903
0 0.1452482269503546 0.35420168067226887 0.04237588652482259 0.12361344537815121
0 0.01773049645390071 0.35714285714285715 0.03546099290780142 0.12184873949579832
0 0.8142198581560284 0.6692647058823529 0.033026004728132455 0.12338235294117651
0 0.818356973995272 0.8036764705882353 0.034208037825059164 0.12329831932773097
0 0.7326595744680852 0.6608613445378151 0.035378250591016625 0.13598739495798323
0 0.6505200945626477 0.6839495798319328 0.034184397163120654 0.11077731092436979
0 0.6936643026004727 0.8257142857142857 0.03300236406619394 0.12960084033613434
0 0.6044208037825058 0.6860504201680673 0.03653664302600469 0.1191806722689076
0 0.5648345153664303 0.6902521008403362 0.028262411347517693 0.11077731092436979
0 0.6517021276595744 0.8099789915966387 0.03182033096926722 0.12329831932773097
0 0.6103309692671394 0.817310924369748 0.038900709219858054 0.13380252100840323
0 0.5666075650118204 0.8215336134453782 0.03653664302600469 0.12539915966386542
0 0.4838652482269504 0.6608613445378151 0.03414893617021275 0.13598739495798323
0 0.21796690307328603 0.5338655462184874 0.0696099290780143 0.08350840336134453
0 0.40113475177304964 0.6776680672268908 0.03650118203309705 0.13598739495798323
0 0.4838652482269504 0.8215336134453782 0.036513002364066176 0.12539915966386542
0 0.44427895981087473 0.8183823529411764 0.04478723404255318 0.1401050420168066
0 0.3568085106382979 0.7039075630252101 0.0400472813238772 0.12128151260504205
0 0.31898345153664304 0.6913025210084034 0.03767139479905424 0.12130252100840339
0 0.2776241134751773 0.6881512605042017 0.03530732860520082 0.12760504201680675
0 0.2380260047281324 0.680798319327731 0.02938534278959799 0.1339075630252101
0 0.19429078014184398 0.6839495798319328 0.03646572104018902 0.13180672268907564
0 0.14997635933806147 0.7059873949579832 0.0352836879432623 0.11710084033613448
0 0.3225295508274232 0.8278151260504202 0.03767139479905424 0.13800420168067215
0 0.28235224586288415 0.8351680672268909 0.03767139479905424 0.13172268907563034
0 0.23743498817966904 0.8236134453781513 0.04002364066193841 0.1296218487394959
0 0.20138297872340427 0.8393697478991597 0.03646572104018902 0.13172268907563034
0 0.07255319148936169 0.8361974789915966 0.04118203309692662 0.14642857142857152
0 0.7379787234042554 0.8194117647058824 0.031832151300236484 0.129579831932773
0 0.0591016548463357 0.9747899159663865 0.07565011820330969 0.05042016806722689
0 0.7935342789598109 0.14105042016806724 0.036572104018912595 0.11739495798319327
0 0.23167848699763594 0.032563025210084036 0.05673758865248227 0.06512605042016807
0 0.7255910165484634 0.536953781512605 0.0708510638297873 0.07306722689075625