0 0.7677817745803358 0.15563829787234043 0.03949640287769791 0.11889361702127658
0 0.7210311750599521 0.15774468085106383 0.034688249400479695 0.12314893617021276
0 0.6502877697841726 0.16093617021276596 0.03227817745803366 0.129531914893617
0 0.6083213429256594 0.15774468085106383 0.03466426858513186 0.12740425531914892
0 0.5621702637889688 0.16306382978723405 0.03346522781774577 0.12102127659574467
0 0.5136091127098321 0.162 0.03465227817745801 0.12740425531914892
0 0.47643884892086336 0.17263829787234042 0.03225419664268583 0.12740425531914892
0 0.4033093525179856 0.16197872340425531 0.03703836930455647 0.13591489361702128
0 0.3511510791366907 0.15878723404255318 0.03103117505995217 0.1337872340425532
0 0.3067865707434053 0.154531914893617 0.03341726618705023 0.1422978723404255
0 0.21986810551558753 0.13538297872340424 0.041798561151079015 0.13806382978723403
0 0.17790167865707435 0.129 0.0369904076738608 0.14657446808510638
0 0.13354916067146283 0.1438936170212766 0.029796163069544256 0.12955319148936167
0 0.09398081534772182 0.13859574468085106 0.03458033573141477 0.12317021276595748
0 0.053812949640287766 0.12053191489361702 0.04297362110311741 0.13806382978723405
0 0.8133453237410072 0.3832340425531915 0.08505995203836937 0.06770212765957445
0 0.5999280575539568 0.3544893617021277 0.03946043165467622 0.1336595744680851
0 0.5627697841726619 0.3566170212765958 0.03466426858513186 0.12940425531914893
0 0.5202038369304557 0.34172340425531916 0.0358513189448441 0.1251702127659574
0 0.4800359712230216 0.3534255319148936 0.03465227817745801 0.131531914893617
0 0.3937170263788969 0.35446808510638295 0.04182254196642699 0.13791489361702125
0 0.34695443645083934 0.3512978723404256 0.03942446043165481 0.1272978723404255
0 0.3067865707434053 0.3374468085106383 0.03821342925659459 0.1294255319148936
0 0.2600359712230216 0.337468085106383 0.031019184652278046 0.1294255319148936
0 0.22106714628297364 0.3289574468085107 0.03460431654676247 0.1251702127659574
0 0.17910071942446043 0.3353404255319149 0.039388489208632985 0.13370212765957454
0 0.13774580335731415 0.3374468085106383 0.042985611510791256 0.12519148936170207
0 0.011990407673860911 0.3127659574468085 0.023980815347721823 0.12340425531914893
0 0.8163429256594724 0.6905744680851064 0.033501199040767454 0.12495744680851067
0 0.8157434052757794 0.8309574468085107 0.034700239808153545 0.12487234042553179
0 0.7336091127098322 0.6884468085106383 0.035887290167865786 0.13772340425531918
0 0.6478896882494004 0.7033191489361702 0.034676258992805846 0.11219148936170216
0 0.6904556354916066 0.8426382978723405 0.03347721822541975 0.13125531914893604
0 0.5999280575539568 0.696936170212766 0.03706235011990404 0.12070212765957451
0 0.5597721822541967 0.7011914893617022 0.0286690647482014 0.11219148936170216
0 0.6478896882494004 0.8330851063829787 0.03227817745803366 0.12487234042553179
0 0.6047242206235012 0.8298723404255319 0.03946043165467622 0.13551063829787222
0 0.5615707434052758 0.8341489361702128 0.03706235011990404 0.12699999999999986
0 0.47763788968824944 0.6714255319148936 0.03464028776978416 0.13772340425531918
0 0.3937170263788969 0.6841914893617022 0.03702637889688262 0.13772340425531918
0 0.47763788968824944 0.8213829787234043 0.03703836930455634 0.12699999999999986
0 0.43628297362110313 0.8224468085106383 0.045431654676258974 0.14189361702127648
0 0.3475539568345324 0.698 0.0406235011990409 0.12282978723404259
0 0.31038369304556357 0.6937446808510639 0.03821342925659459 0.12285106382978725
0 0.2684292565947242 0.6862978723404255 0.03581534772182241 0.1292340425531915
0 0.22286570743405276 0.6682127659574468 0.03340527577937638 0.13561702127659575
0 0.186294964028777 0.6607872340425531 0.0369904076738608 0.1334893617021277
0 0.13654676258992804 0.6788510638297872 0.03579136690647471 0.11859574468085109
0 0.31038369304556357 0.8149787234042554 0.03821342925659459 0.1397659574468084
0 0.2708273381294964 0.830936170212766 0.03821342925659459 0.13340425531914904
0 0.2288609112709832 0.8171276595744681 0.040599520383692925 0.13127659574468095
0 0.18989208633093527 0.8117872340425533 0.0369904076738608 0.13340425531914904
0 0.049616306954436445 0.7979361702127659 0.041774580335731316 0.14829787234042563
0 0.7354076738609113 0.8383829787234043 0.03229016786570751 0.13123404255319138
0 0.810947242206235 0.15987234042553192 0.037098321342925726 0.11889361702127658
0 0.4386810551558753 0.6724468085106383 0.05028776978417273 0.1314255319148936
0 0.6682134292565947 0.4757446808510638 0.06816546762589917 0.11653191489361699