0 0.8121462829736211 0.16306382978723405 0.034700239808153545 0.11251063829787233
0 0.7689808153477219 0.1641276595744681 0.03949640287769791 0.11889361702127658
0 0.7186330935251799 0.15348936170212765 0.034688249400479695 0.12314893617021276
0 0.6478896882494004 0.16306382978723405 0.03227817745803366 0.129531914893617
0 0.6083213429256594 0.15987234042553192 0.03466426858513186 0.12740425531914892
0 0.5657673860911271 0.16306382978723405 0.03346522781774577 0.12102127659574467
0 0.5160071942446044 0.15561702127659574 0.03465227817745801 0.12740425531914892
0 0.47643884892086336 0.15987234042553192 0.03225419664268583 0.12740425531914892
0 0.40810551558753 0.14710638297872342 0.03703836930455634 0.13591489361702128
0 0.3571462829736211 0.1417872340425532 0.03103117505995217 0.1337872340425532
0 0.3079856115107914 0.13327659574468084 0.03341726618705023 0.1422978723404255
0 0.21986810551558753 0.12476595744680852 0.041798561151079015 0.13806382978723408
0 0.17670263788968826 0.11625531914893616 0.0369904076738608 0.1465744680851064
0 0.135947242206235 0.1268936170212766 0.029796163069544256 0.12955319148936173
0 0.096378896882494 0.11946808510638297 0.03458033573141477 0.12317021276595745
0 0.05621103117505995 0.1077659574468085 0.04297362110311741 0.13806382978723405
0 0.8133453237410072 0.3895957446808511 0.08505995203836937 0.06770212765957445
0 0.6574820143884891 0.46085106382978724 0.034676258992805846 0.1378510638297873
0 0.6035251798561151 0.3566170212765958 0.03946043165467622 0.1336595744680851
0 0.5627697841726619 0.3544893617021277 0.03466426858513186 0.12940425531914893
0 0.5214028776978418 0.34597872340425534 0.0358513189448441 0.1251702127659574
0 0.4752398081534773 0.3534255319148936 0.03465227817745801 0.131531914893617
0 0.39011990407673863 0.3523617021276596 0.04182254196642699 0.13791489361702125
0 0.3493525179856115 0.34278723404255323 0.03942446043165481 0.1272978723404255
0 0.3055875299760192 0.3353404255319149 0.03821342925659459 0.1294255319148936
0 0.26483213429256597 0.32046808510638297 0.031019184652278046 0.1294255319148936
0 0.22226618705035972 0.32046808510638297 0.03460431654676247 0.1251702127659574
0 0.17910071942446043 0.3077021276595745 0.039388489208632985 0.13370212765957454
0 0.13774580335731415 0.3119574468085107 0.042985611510791256 0.12519148936170219
0 0.011390887290167866 0.3021276595744681 0.022781774580335732 0.12340425531914893
0 0.8151438848920863 0.7075744680851064 0.033501199040767454 0.12495744680851067
0 0.810947242206235 0.8394468085106384 0.034700239808153545 0.12487234042553179
0 0.73121103117506 0.6905531914893617 0.035887290167865786 0.13772340425531918
0 0.730611510791367 0.8447659574468086 0.034688249400479695 0.13551063829787222
0 0.6442925659472422 0.7033191489361702 0.034676258992805846 0.11219148936170216
0 0.6868585131894483 0.8490212765957448 0.03347721822541975 0.13125531914893604
0 0.5999280575539568 0.6948085106382978 0.03706235011990404 0.12070212765957451
0 0.5597721822541967 0.699063829787234 0.0286690647482014 0.11219148936170216
0 0.6454916067146282 0.8309574468085107 0.03227817745803366 0.12487234042553179
0 0.5987290167865708 0.8362553191489362 0.03946043165467622 0.13551063829787222
0 0.5555755395683454 0.8320212765957447 0.03706235011990404 0.12699999999999986
0 0.47404076738609113 0.6714255319148936 0.03464028776978416 0.13772340425531918
0 0.4326858513189449 0.6767446808510638 0.03344124700239807 0.13985106382978726
0 0.3913189448441247 0.682063829787234 0.03702637889688262 0.13772340425531918
0 0.47284172661870505 0.8298936170212766 0.03703836930455634 0.12699999999999986
0 0.4314868105515588 0.813936170212766 0.045431654676258974 0.14189361702127648
0 0.3475539568345324 0.6873829787234043 0.0406235011990409 0.12282978723404259
0 0.3079856115107914 0.6746170212765957 0.03821342925659459 0.12285106382978725
0 0.2636330935251799 0.6650425531914893 0.03581534772182241 0.1292340425531915
0 0.21986810551558753 0.6490851063829787 0.029808153477218106 0.13561702127659575
0 0.18029976019184654 0.6544042553191489 0.0369904076738608 0.1334893617021277
0 0.13534772182254196 0.6661063829787234 0.03579136690647471 0.11859574468085109
0 0.3055875299760192 0.8171276595744681 0.03821342925659459 0.1397659574468084
0 0.26243405275779375 0.8118085106382978 0.03821342925659459 0.13340425531914904
0 0.2204676258992806 0.8001063829787234 0.040599520383692925 0.13127659574468095
0 0.17790167865707435 0.8032978723404256 0.0369904076738608 0.13340425531914904
0 0.046019184652278174 0.7915957446808511 0.041774580335731316 0.14829787234042563