0 0.2394124700239808 0.14074468085106384 0.03949640287769784 0.11889361702127658
0 0.2849640287769784 0.14285106382978724 0.034688249400479626 0.12314893617021276
0 0.35450839328537176 0.15029787234042552 0.032278177458033526 0.129531914893617
0 0.39287769784172666 0.14497872340425533 0.03466426858513186 0.12740425531914892
0 0.43902877697841725 0.16519148936170214 0.03346522781774577 0.12102127659574467
0 0.48878896882494 0.15987234042553192 0.03465227817745801 0.12740425531914892
0 0.527158273381295 0.17263829787234042 0.03225419664268583 0.12740425531914892
0 0.5954916067146283 0.16836170212765955 0.03703836930455641 0.13591489361702128
0 0.6452517985611511 0.17793617021276595 0.03103117505995217 0.1337872340425532
0 0.6920143884892086 0.1694255319148936 0.03341726618705023 0.1422978723404255
0 0.7801318944844124 0.1694255319148936 0.041798561151079015 0.13806382978723403
0 0.8220983213429257 0.16517021276595745 0.0369904076738608 0.14657446808510635
0 0.8628537170263789 0.17155319148936168 0.029796163069544256 0.1295531914893617
0 0.9048201438848921 0.16625531914893618 0.03458033573141477 0.12317021276595747
0 0.9449880095923261 0.15668085106382978 0.04297362110311741 0.13806382978723408
0 0.1866546762589928 0.36195744680851066 0.0850599520383693 0.06770212765957445
0 0.3964748201438849 0.3523617021276596 0.03946043165467622 0.1336595744680851
0 0.43123501199040765 0.3502340425531915 0.03466426858513186 0.12940425531914893
0 0.47619904076738606 0.3523617021276596 0.0358513189448441 0.1251702127659574
0 0.5211630695443645 0.361936170212766 0.03465227817745801 0.131531914893617
0 0.6038848920863309 0.3608510638297872 0.04182254196642692 0.13791489361702125
0 0.6458513189448442 0.36617021276595746 0.03942446043165481 0.1272978723404255
0 0.6884172661870503 0.3587234042553191 0.03821342925659459 0.1294255319148936
0 0.7291726618705036 0.34597872340425534 0.031019184652278046 0.1294255319148936
0 0.7753357314148681 0.36087234042553196 0.03460431654676247 0.1251702127659574
0 0.8149040767386091 0.3587234042553191 0.039388489208632985 0.13370212765957443
0 0.8538609112709832 0.35446808510638295 0.042985611510791256 0.12519148936170207
0 0.9826139088729017 0.3574468085106383 0.03477218225419664 0.12340425531914893
0 0.1752637889688249 0.6735531914893617 0.033501199040767385 0.12495744680851067
0 0.1710671462829736 0.8096808510638298 0.034700239808153475 0.12487234042553179
0 0.2579976019184652 0.6650425531914893 0.03588729016786572 0.13772340425531918
0 0.3413189448441247 0.6884255319148936 0.03467625899280571 0.11219148936170216
0 0.2975539568345324 0.8320000000000001 0.03347721822541965 0.13125531914893604
0 0.38808153477218227 0.6905531914893617 0.03706235011990404 0.12070212765957451
0 0.42823741007194244 0.6948085106382978 0.0286690647482014 0.11219148936170216
0 0.34011990407673864 0.816063829787234 0.032278177458033526 0.12487234042553179
0 0.38208633093525185 0.8234893617021277 0.03946043165467622 0.13551063829787222
0 0.42643884892086326 0.8277659574468086 0.03706235011990404 0.12699999999999986
0 0.5103717026378897 0.6650425531914893 0.03464028776978416 0.13772340425531918
0 0.5942925659472422 0.682063829787234 0.03702637889688249 0.13772340425531918
0 0.5103717026378897 0.8277659574468086 0.03703836930455634 0.12699999999999986
0 0.5505275779376498 0.8245744680851064 0.045431654676258974 0.14189361702127648
0 0.6404556354916067 0.6916170212765957 0.0406235011990409 0.12282978723404259
0 0.6776258992805755 0.6873617021276596 0.03821342925659459 0.12285106382978725
0 0.7195803357314149 0.6799148936170213 0.03581534772182241 0.1292340425531915
0 0.7597482014388489 0.6682127659574468 0.029808153477218106 0.13561702127659575
0 0.8017146282973621 0.6735319148936171 0.0369904076738608 0.1334893617021277
0 0.8466666666666667 0.691595744680851 0.03579136690647471 0.11859574468085109
0 0.6740287769784172 0.8341276595744681 0.03821342925659459 0.1397659574468084
0 0.7171822541966427 0.8245531914893618 0.03821342925659459 0.13340425531914904
0 0.7591486810551559 0.8107446808510639 0.040599520383692925 0.13127659574468095
0 0.7957194244604316 0.8224255319148936 0.0369904076738608 0.13340425531914904
0 0.928800959232614 0.825595744680851 0.041774580335731316 0.14829787234042563
0 0.2526019184652278 0.8256170212765958 0.032290167865707445 0.13123404255319138
0 0.19264988009592324 0.13646808510638297 0.03709832134292566 0.11889361702127658
0 0.8189448441247003 0.03723404255319149 0.07673860911270983 0.07446808510638298
0 0.4162470023980815 0.4927659574468085 0.07187050359712237 0.07400000000000007