0 0.2395626477541371 0.15157563025210086 0.03893617021276596 0.11739495798319327
0 0.2856501182033097 0.14945378151260505 0.03419621749408984 0.12159663865546218
0 0.35657210401891254 0.15680672268907564 0.03182033096926709 0.12789915966386553
0 0.3943971631205674 0.15575630252100842 0.03417257683215126 0.12579831932773108
0 0.433983451536643 0.16100840336134453 0.03299054373522455 0.11949579831932772
0 0.48421985815602836 0.16626050420168068 0.034160756501182006 0.12579831932773108
0 0.5208628841607564 0.1746638655462185 0.03179669030732858 0.12579831932773108
0 0.5882269503546099 0.15993697478991595 0.036513002364066245 0.1342016806722689
0 0.6396453900709219 0.15678571428571428 0.030591016548463485 0.13210084033613445
0 0.6857446808510638 0.15468487394957983 0.03294326241134739 0.14050420168067226
0 0.7702482269503546 0.1420798319327731 0.04120567375886513 0.13632352941176468
0 0.8163475177304964 0.1378781512605042 0.03646572104018902 0.1447268907563025
0 0.8553427895981087 0.15678571428571428 0.029373522458628735 0.12792016806722686
0 0.8943498817966903 0.1515546218487395 0.03408983451536633 0.12161764705882354
0 0.9363120567375887 0.13789915966386554 0.04236406619385333 0.13632352941176473
0 0.1875531914893617 0.37210084033613444 0.08385342789598109 0.06684873949579831
0 0.39794326241134753 0.3521218487394958 0.038900709219858116 0.13197478991596637
0 0.4310283687943262 0.3521218487394958 0.03417257683215126 0.12777310924369747
0 0.4777186761229314 0.343718487394958 0.03534278959810872 0.12359243697478989
0 0.5220449172576832 0.3552731092436975 0.034160756501182006 0.12987394957983192
0 0.6071394799054374 0.3626050420168067 0.041229314420803846 0.1361764705882353
0 0.6461465721040189 0.34897058823529414 0.038865248226950484 0.12569327731092433
0 0.6881087470449172 0.35 0.03767139479905424 0.12779411764705878
0 0.729468085106383 0.33321428571428574 0.03057919621749396 0.12779411764705878
0 0.772612293144208 0.3395168067226891 0.03411347517730485 0.12359243697478989
0 0.8092553191489361 0.3311134453781513 0.03882978723404244 0.13201680672268912
0 0.8500236406619386 0.33319327731092435 0.04237588652482259 0.12361344537815121
0 0.979420803782506 0.3321638655462185 0.03643026004728125 0.12151260504201687
0 0.1845981087470449 0.6713655462184874 0.033026004728132385 0.12338235294117651
0 0.1804609929078014 0.8141806722689076 0.0342080378250591 0.12329831932773097
0 0.2661583924349882 0.6629621848739495 0.035378250591016555 0.13598739495798323
0 0.3482978723404256 0.6860504201680673 0.03418439716312052 0.11077731092436979
0 0.3051536643026005 0.8278151260504202 0.03300236406619384 0.12960084033613434
0 0.3943971631205674 0.6881512605042017 0.03653664302600469 0.1191806722689076
0 0.433983451536643 0.6923529411764706 0.028262411347517693 0.11077731092436979
0 0.34711583924349887 0.8120798319327731 0.03182033096926709 0.12329831932773097
0 0.38848699763593386 0.8194117647058824 0.038900709219858116 0.13380252100840323
0 0.4322104018912529 0.8236344537815127 0.03653664302600469 0.12539915966386542
0 0.5149527186761229 0.6629621848739495 0.03414893617021275 0.13598739495798323
0 0.5976832151300236 0.6797689075630252 0.03650118203309699 0.13598739495798323
0 0.5149527186761229 0.8110294117647059 0.036513002364066176 0.12539915966386542
0 0.5557210401891253 0.8120798319327731 0.04478723404255318 0.1401050420168066
0 0.6431914893617021 0.689201680672269 0.0400472813238772 0.12128151260504205
0 0.6798345153664302 0.685 0.03767139479905424 0.12130252100840339
0 0.721193853427896 0.6776470588235294 0.03530732860520082 0.12760504201680675
0 0.7661111111111111 0.6597899159663866 0.03293144208037813 0.1339075630252101
0 0.805709219858156 0.671344537815126 0.03646572104018902 0.13180672268907564
0 0.8512056737588652 0.6702941176470588 0.0352836879432623 0.11710084033613448
0 0.6786524822695035 0.8215126050420168 0.03767139479905424 0.13800420168067215
0 0.7188297872340426 0.8204621848739496 0.03767139479905424 0.13172268907563034
0 0.7602009456264776 0.806827731092437 0.04002364066193841 0.1296218487394959
0 0.7986170212765957 0.8015546218487395 0.03646572104018902 0.13172268907563034
0 0.9333569739952718 0.8004831932773109 0.04118203309692662 0.14642857142857152
0 0.26083924349881793 0.8215126050420168 0.031832151300236415 0.129579831932773
0 0.19109929078014182 0.1515546218487395 0.036572104018912525 0.11739495798319327
0 0.5533569739952718 0.6639705882352941 0.049574468085106446 0.12976890756302517
0 0.5161583924349882 0.4918067226890756 0.08374704491725771 0.06258403361344542