0 0.244236276849642 0.15286016949152545 0.03930787589498806 0.11838983050847457
0 0.28837708830548925 0.15283898305084745 0.03452267303102626 0.12262711864406779
0 0.3575894988066826 0.1644915254237288 0.03212410501193313 0.12898305084745762
0 0.4017422434367542 0.16766949152542374 0.03449880668257753 0.12686440677966102
0 0.4440930787589499 0.17296610169491525 0.03330548926014316 0.12050847457627117
0 0.4888424821002386 0.16766949152542374 0.034486873508353194 0.12686440677966102
0 0.5270286396181384 0.1803813559322034 0.03210023866348446 0.12686440677966102
0 0.5974224343675417 0.18036016949152542 0.036861575178997665 0.13533898305084746
0 0.6457517899761336 0.18565677966101693 0.030883054892601562 0.13322033898305083
0 0.6958711217183771 0.18141949152542372 0.03325775656324569 0.14169491525423727
0 0.7787947494033413 0.1771822033898305 0.04159904534606193 0.137478813559322
0 0.8205608591885442 0.17294491525423727 0.03681384248210013 0.14595338983050846
0 0.8611217183770883 0.17930084745762712 0.029653937947493925 0.1290042372881356
0 0.9028878281622912 0.19307203389830507 0.03441527446300706 0.12264830508474575
0 0.9428639618138425 0.18565677966101693 0.04276849642004763 0.137478813559322
0 0.18815035799522672 0.36889830508474575 0.08465393794749403 0.06741525423728813
0 0.39696897374701673 0.3593432203389831 0.039272076372315 0.13309322033898305
0 0.431563245823389 0.3572245762711865 0.03449880668257753 0.1288559322033898
0 0.4763126491646778 0.3593432203389831 0.035680190930787566 0.12463983050847455
0 0.5210620525059666 0.3688771186440678 0.034486873508353194 0.13097457627118642
0 0.6021957040572792 0.3847457627118644 0.0416229116945108 0.13733050847457626
0 0.6451551312649164 0.373093220338983 0.039236276849642135 0.12675847457627115
0 0.6875178997613365 0.3656779661016949 0.038031026252983165 0.12887711864406776
0 0.7328520286396182 0.3656991525423729 0.030871121718376957 0.12887711864406776
0 0.7740214797136038 0.3678177966101695 0.03443914081145573 0.12463983050847455
0 0.8134009546539379 0.3656779661016949 0.039200477326968866 0.13313559322033894
0 0.8557517899761337 0.3783898305084746 0.04278042959427197 0.12466101694915249
0 0.9832935560859188 0.3834745762711864 0.03341288782816229 0.1228813559322034
0 0.17681384248210022 0.6791737288135593 0.033341288782816225 0.12442796610169496
0 0.17263723150357993 0.8147245762711864 0.0345346062052506 0.12434322033898293
0 0.2591527446300716 0.6706991525423729 0.035715990453460626 0.1371398305084746
0 0.34207637231503585 0.6939830508474576 0.03451073985680186 0.11171610169491529
0 0.2985202863961814 0.8369491525423729 0.03331742243436753 0.13069915254237274
0 0.38861575178997615 0.6961016949152542 0.036885441527446265 0.12019067796610174
0 0.42857995226730305 0.7003389830508474 0.02853221957040569 0.11171610169491529
0 0.34088305489260146 0.8210805084745763 0.03212410501193313 0.12434322033898293
0 0.3826491646778043 0.8284745762711865 0.039272076372315 0.13493644067796598
0 0.42678997613365155 0.8327330508474576 0.036885441527446265 0.12646186440677953
0 0.5103221957040572 0.6706991525423729 0.03447494033412886 0.1371398305084746
0 0.5514797136038186 0.6336440677966101 0.033281622911694494 0.13925847457627122
0 0.5938424821002386 0.7003601694915255 0.03684964200477333 0.1371398305084746
0 0.5103221957040572 0.8327330508474576 0.036861575178997595 0.12646186440677953
0 0.5502863961813842 0.8295550847457628 0.04521479713603817 0.1412923728813558
0 0.6385918854415275 0.7141101694915254 0.0404295942720765 0.12230932203389834
0 0.6767780429594272 0.7013983050847458 0.038031026252983165 0.12233050847457629
0 0.7185322195704057 0.6982203389830508 0.03564439140811443 0.1286864406779661
0 0.7585083532219571 0.6908050847457627 0.029665871121718257 0.13504237288135595
0 0.8026610978520287 0.6939830508474576 0.03681384248210013 0.13292372881355935
0 0.8473985680190931 0.716207627118644 0.035620525059665765 0.11809322033898308
0 0.6731980906921241 0.8390677966101695 0.038031026252983165 0.1391737288135592
0 0.7137589498806682 0.8464830508474577 0.038031026252983165 0.13283898305084754
0 0.7591050119331743 0.8348305084745763 0.040405727923627566 0.13072033898305094
0 0.7955011933174224 0.8507203389830509 0.03681384248210013 0.13283898305084754
0 0.9255608591885441 0.8475211864406779 0.04157517899761327 0.14766949152542383
0 0.2537828162291169 0.8305932203389831 0.032136038186157526 0.1306779661016948
0 0.5334128878281623 0.9766949152542372 0.081145584725537 0.046610169491525424
0 0.19769689737470167 0.14648305084745764 0.036921241050119326 0.11838983050847457
0 0.7655131264916468 0.048728813559322036 0.05608591885441527 0.09745762711864407
0 0.016109785202863963 0.3919491525423729 0.032219570405727926 0.13135593220338984