0 0.2525771971496437 0.15432489451476794 0.03912114014251781 0.11789029535864978
0 0.2965083135391924 0.15430379746835443 0.034358669833729226 0.1221097046413502
0 0.36539192399049886 0.1659071729957806 0.03197149643705458 0.12843881856540085
0 0.4093349168646081 0.16907172995780592 0.03433491686460804 0.12632911392405063
0 0.45148456057007125 0.17434599156118144 0.033147268408551034 0.12
0 0.496021377672209 0.16907172995780592 0.03432304038004748 0.12632911392405063
0 0.5340261282660332 0.18172995780590717 0.031947743467933463 0.12632911392405063
0 0.6040855106888361 0.18170886075949366 0.036686460807601004 0.13476793248945146
0 0.6521852731591449 0.18698312236286918 0.030736342042755473 0.13265822784810125
0 0.7020665083135392 0.18276371308016875 0.03309976247030866 0.1410970464135021
0 0.7845961995249406 0.17854430379746836 0.04140142517814715 0.13689873417721515
0 0.8261638954869358 0.17432489451476793 0.03663895486935856 0.145337552742616
0 0.8665320665083135 0.18065400843881857 0.02951306413301652 0.12845991561181433
0 0.9080997624703088 0.19436708860759494 0.03425178147268399 0.1221308016877637
0 0.9478859857482186 0.18698312236286918 0.04256532066508304 0.13689873417721515
0 0.19675771971496436 0.36945147679324897 0.08425178147268408 0.0671308016877637
0 0.40458432304038006 0.3599367088607595 0.03908551068883607 0.13253164556962024
0 0.43901425178147263 0.35782700421940933 0.03433491686460804 0.12831223628691982
0 0.48355106888361044 0.3599367088607595 0.03551068883610448 0.12411392405063287
0 0.5280878859857482 0.36943037974683546 0.03432304038004748 0.13042194092827003
0 0.6088361045130641 0.3852320675105485 0.04142517814726847 0.13675105485232067
0 0.6515914489311164 0.3736286919831224 0.03904988123515452 0.1262236286919831
0 0.6937529691211402 0.3662447257383966 0.03785035629453669 0.1283333333333333
0 0.7388717339667459 0.3662658227848102 0.030724465558194646 0.1283333333333333
0 0.7798456057007126 0.36837552742616037 0.03427553444180511 0.12411392405063287
0 0.8190380047505939 0.3662447257383966 0.039014251781472574 0.1325738396624472
0 0.861187648456057 0.3789029535864979 0.0425771971496436 0.12413502109704636
0 0.9857482185273159 0.38396624472573837 0.028503562945368172 0.12236286919831224
0 0.18547505938242279 0.6784177215189874 0.033182897862232774 0.12390295358649793
0 0.18131828978622327 0.8133966244725739 0.034370546318289785 0.12381856540084375
0 0.2674228028503563 0.6699789029535865 0.03554631828978623 0.1365611814345992
0 0.34995249406175777 0.6931645569620253 0.0343467933491686 0.11124472573839667
0 0.306603325415677 0.8355274261603376 0.03315914489311162 0.13014767932489438
0 0.39627078384798103 0.6952742616033756 0.03671021377672205 0.1196835443037975
0 0.43604513064133016 0.699493670886076 0.028396674584323003 0.11124472573839667
0 0.34876484560570076 0.8197257383966245 0.03197149643705458 0.12381856540084375
0 0.390332541567696 0.8270886075949367 0.03908551068883607 0.1343670886075948
0 0.43426365795724464 0.8313291139240506 0.03671021377672205 0.12592827004219398
0 0.5173990498812351 0.6699789029535865 0.03431116389548692 0.1365611814345992
0 0.5714251781472683 0.5751054852320675 0.05450118764845604 0.11970464135021099
0 0.6005225653206651 0.6995147679324895 0.036674584323040445 0.1365611814345992
0 0.5173990498812351 0.8313291139240506 0.036686460807600935 0.12592827004219398
0 0.5571733966745843 0.8281645569620253 0.044999999999999984 0.14069620253164544
0 0.6450593824228028 0.7132067510548523 0.040237529691211534 0.12179324894514772
0 0.683064133016627 0.7005485232067511 0.03785035629453669 0.1218143459915612
0 0.7246199524940617 0.6973839662447258 0.03547505938242267 0.12814345991561182
0 0.7644061757719715 0.6900000000000001 0.02952494061757708 0.13447257383966246
0 0.8083491686460808 0.6931645569620253 0.03663895486935856 0.13236286919831225
0 0.8528741092636579 0.7152953586497891 0.035451306413301555 0.11759493670886077
0 0.679501187648456 0.8376371308016878 0.03785035629453669 0.13858649789029523
0 0.7198693586698337 0.8450210970464136 0.03785035629453669 0.13227848101265832
0 0.765 0.8334177215189874 0.040213776722090144 0.1301687763713081
0 0.8012232779097387 0.849240506329114 0.03663895486935856 0.13227848101265832
0 0.930665083135392 0.846054852320675 0.04137767220902603 0.1470464135021098
0 0.26207838479809975 0.8291983122362869 0.03198337292161521 0.1301265822784809
0 0.6223277909738717 0.979957805907173 0.07600950118764846 0.04008438818565401
0 0.20625890736342042 0.1479746835443038 0.0367458432304038 0.11789029535864978
0 0.7715320665083135 0.04970464135021096 0.05565320665083123 0.09938818565400843
0 0.04653206650831354 0.45379746835443036 0.0664608076009501 0.12194092827004221