0 0.7468661971830987 0.15239583333333334 0.03866197183098598 0.11641666666666665
0 0.7034507042253522 0.152375 0.03395539906103294 0.12058333333333332
0 0.63537558685446 0.16383333333333333 0.03159624413145549 0.12683333333333333
0 0.5919483568075117 0.16695833333333335 0.03393192488262907 0.12474999999999999
0 0.5502934272300469 0.17216666666666666 0.03275821596244128 0.1185
0 0.5062793427230047 0.16695833333333335 0.0339201877934272 0.12474999999999999
0 0.46872065727699536 0.17945833333333333 0.03157276995305162 0.12474999999999999
0 0.39948356807511737 0.1794375 0.036255868544601055 0.13308333333333333
0 0.35194835680751174 0.18464583333333331 0.03037558685446022 0.13099999999999998
0 0.30265258215962443 0.18047916666666666 0.03271126760563368 0.13933333333333334
0 0.22109154929577465 0.17631249999999998 0.04091549295774636 0.13518749999999996
0 0.18001173708920187 0.17214583333333333 0.03620892018779332 0.1435208333333333
0 0.14011737089201878 0.17839583333333334 0.02916666666666656 0.12685416666666663
0 0.099037558685446 0.19193749999999998 0.03384976525821587 0.12060416666666664
0 0.059718309859154925 0.18464583333333331 0.04206572769953042 0.13518749999999996
0 0.8020305164319249 0.36483333333333334 0.08326291079812213 0.06629166666666665
0 0.5966431924882629 0.3554375 0.03862676056338024 0.130875
0 0.5626173708920188 0.3533541666666667 0.03393192488262907 0.1267083333333333
0 0.5186032863849765 0.3554375 0.035093896713615 0.12256249999999996
0 0.4745892018779343 0.36481250000000004 0.0339201877934272 0.12879166666666667
0 0.39478873239436624 0.3804166666666667 0.04093896713615036 0.13504166666666664
0 0.3525352112676057 0.36895833333333333 0.038591549295774775 0.1246458333333333
0 0.310868544600939 0.36166666666666664 0.03740610328638485 0.12672916666666664
0 0.2662793427230047 0.36168750000000005 0.030363849765258088 0.12672916666666664
0 0.22578638497652584 0.3637708333333334 0.0338732394366196 0.12256249999999996
0 0.18705399061032865 0.36166666666666664 0.03855633802816891 0.13091666666666663
0 0.14539906103286385 0.37416666666666665 0.04207746478873229 0.12258333333333328
0 0.01808685446009386 0.37937499999999996 0.03617370892018772 0.12049999999999995
0 0.8131807511737089 0.6699375 0.03279342723004701 0.12235416666666671
0 0.8172887323943663 0.8032291666666667 0.033967136150234806 0.1222708333333332
0 0.7321948356807513 0.6616041666666667 0.03512910798122073 0.1348541666666667
0 0.6506338028169013 0.6845 0.033943661971831074 0.10985416666666671
0 0.6934741784037558 0.8250833333333334 0.03276995305164328 0.12852083333333322
0 0.6048591549295773 0.6865833333333333 0.03627934272300459 0.11818750000000004
0 0.5655516431924883 0.69075 0.028063380281690104 0.10985416666666671
0 0.6518075117370891 0.8094791666666666 0.03159624413145549 0.1222708333333332
0 0.6107276995305163 0.8167500000000001 0.03862676056338018 0.13268749999999987
0 0.5673122065727699 0.8209375 0.036279342723004655 0.12435416666666654
0 0.4851525821596244 0.6616041666666667 0.03390845070422534 0.1348541666666667
0 0.447018779342723 0.6668125 0.03273474178403754 0.13693750000000005
0 0.40300469483568074 0.6907708333333333 0.03624413145539919 0.1348541666666667
0 0.4851525821596244 0.8209375 0.036255868544600924 0.12435416666666654
0 0.44584507042253524 0.8178125 0.04447183098591548 0.13893749999999988
0 0.3589906103286385 0.7042916666666666 0.03976525821596257 0.12027083333333337
0 0.3214319248826291 0.6917916666666667 0.03740610328638485 0.12029166666666669
0 0.28036384976525824 0.6886666666666666 0.03505868544600926 0.1265416666666667
0 0.24104460093896715 0.681375 0.029178403755868425 0.1327916666666667
0 0.19761737089201878 0.6845 0.03620892018779332 0.13070833333333334
0 0.1536150234741784 0.7063541666666667 0.035035211267605525 0.11612500000000002
0 0.3249530516431925 0.8271666666666667 0.03740610328638485 0.13685416666666655
0 0.2850586854460094 0.8344583333333334 0.03740610328638485 0.1306250000000001
0 0.24045774647887325 0.8230000000000001 0.03974178403755857 0.12854166666666675
0 0.20465962441314556 0.8386250000000001 0.03620892018779332 0.1306250000000001
0 0.07321596244131455 0.8354791666666667 0.04089201877934263 0.14520833333333344
0 0.7374765258215963 0.8188333333333334 0.031607981220657354 0.1284999999999999
0 0.6160093896713614 0.9700000000000001 0.07970657276995295 0.05999999999999991
0 0.7926408450704225 0.146125 0.03631455399061039 0.11641666666666665
0 0.24163145539906103 0.03866666666666666 0.037394366197182984 0.07733333333333332