0 0.2490189125295508 0.14737394957983194 0.03893617021276596 0.11739495798319327
0 0.29392434988179666 0.14945378151260505 0.03419621749408984 0.12159663865546218
0 0.3624822695035461 0.15680672268907564 0.03182033096926709 0.12789915966386553
0 0.40030732860520096 0.1515546218487395 0.03417257683215126 0.12579831932773108
0 0.44225768321513 0.17151260504201682 0.03299054373522455 0.11949579831932772
0 0.49013002364066194 0.16836134453781512 0.034160756501182006 0.12579831932773108
0 0.5255910165484633 0.1788655462184874 0.03179669030732858 0.12579831932773108
0 0.5965011820330969 0.17044117647058823 0.036513002364066245 0.1342016806722689
0 0.647919621749409 0.169390756302521 0.030591016548463485 0.13210084033613445
0 0.6916548463356974 0.16098739495798317 0.03294326241134739 0.14050420168067226
0 0.780886524822695 0.16098739495798317 0.04120567375886513 0.13632352941176468
0 0.82225768321513 0.15888655462184872 0.03646572104018902 0.1447268907563025
0 0.8612529550827424 0.169390756302521 0.029373522458628735 0.12792016806722686
0 0.9014420803782506 0.16626050420168068 0.03408983451536633 0.12161764705882354
0 0.9363120567375887 0.14840336134453783 0.04236406619385333 0.13632352941176473
0 0.1970094562647754 0.3657983193277311 0.08385342789598109 0.06684873949579831
0 0.4038534278959811 0.35632352941176476 0.038900709219858116 0.13197478991596637
0 0.4381205673758865 0.35422268907563026 0.03417257683215126 0.12777310924369747
0 0.48244680851063826 0.35632352941176476 0.03534278959810872 0.12359243697478989
0 0.5267730496453901 0.36577731092436977 0.034160756501182006 0.12987394957983192
0 0.608321513002364 0.36470588235294116 0.041229314420803846 0.1361764705882353
0 0.649692671394799 0.3699579831932773 0.038865248226950484 0.12569327731092433
0 0.689290780141844 0.3521008403361344 0.03767139479905424 0.12779411764705878
0 0.7306501182033097 0.3353151260504202 0.03057919621749396 0.12779411764705878
0 0.7761583924349882 0.3521218487394958 0.03411347517730485 0.12359243697478989
0 0.8128014184397163 0.343718487394958 0.03882978723404244 0.13201680672268915
0 0.8547517730496454 0.3521008403361344 0.04237588652482259 0.12361344537815121
0 0.9822695035460993 0.34243697478991597 0.03546099290780142 0.12184873949579832
0 0.18578014184397162 0.6734663865546219 0.033026004728132385 0.12338235294117651
0 0.18164302600472812 0.8078781512605042 0.0342080378250591 0.12329831932773097
0 0.2673404255319149 0.665063025210084 0.035378250591016555 0.13598739495798323
0 0.3494799054373523 0.6881512605042017 0.03418439716312052 0.11077731092436979
0 0.3063356973995272 0.8299159663865546 0.03300236406619384 0.12960084033613434
0 0.3955791962174941 0.6902521008403362 0.03653664302600469 0.1191806722689076
0 0.4351654846335697 0.6944537815126051 0.028262411347517693 0.11077731092436979
0 0.3482978723404256 0.8141806722689076 0.03182033096926709 0.12329831932773097
0 0.3896690307328606 0.8215126050420168 0.038900709219858116 0.13380252100840323
0 0.43339243498817964 0.8257352941176471 0.03653664302600469 0.12539915966386542
0 0.5161347517730496 0.665063025210084 0.03414893617021275 0.13598739495798323
0 0.5988652482269503 0.6818697478991597 0.03650118203309699 0.13598739495798323
0 0.5161347517730496 0.8257352941176471 0.036513002364066176 0.12539915966386542
0 0.5557210401891253 0.8225840336134455 0.04478723404255318 0.1401050420168066
0 0.6443735224586288 0.6913025210084034 0.0400472813238772 0.12128151260504205
0 0.6810165484633569 0.6871008403361345 0.03767139479905424 0.12130252100840339
0 0.7223758865248227 0.6797478991596638 0.03530732860520082 0.12760504201680675
0 0.7619739952718676 0.6681932773109244 0.02938534278959799 0.1339075630252101
0 0.805709219858156 0.671344537815126 0.03646572104018902 0.13180672268907564
0 0.8476595744680852 0.691281512605042 0.0352836879432623 0.11710084033613448
0 0.6774704491725768 0.8320168067226891 0.03767139479905424 0.13800420168067215
0 0.7200118203309692 0.8225630252100841 0.03767139479905424 0.13172268907563034
0 0.7613829787234042 0.8089285714285714 0.04002364066193841 0.1296218487394959
0 0.7974349881796691 0.8204621848739496 0.03646572104018902 0.13172268907563034
0 0.928628841607565 0.8235924369747899 0.04118203309692662 0.14642857142857152
0 0.26202127659574465 0.8236134453781513 0.031832151300236415 0.129579831932773
0 0.20291962174940897 0.14315126050420168 0.036572104018912525 0.11739495798319327
0 0.5409456264775414 0.5400840336134454 0.0625768321513003 0.11296218487394954