0 0.8285560859188544 0.1602542372881356 0.03453460620525066 0.11203389830508474
0 0.7808233890214797 0.15707627118644069 0.03930787589498813 0.11838983050847457
0 0.7342959427207637 0.14648305084745764 0.03452267303102633 0.12262711864406779
0 0.6662768496420046 0.158135593220339 0.03212410501193326 0.12898305084745762
0 0.622124105011933 0.15707627118644069 0.03449880668257746 0.12686440677966102
0 0.5809665871121719 0.15601694915254238 0.03330548926014316 0.12050847457627117
0 0.5302505966587112 0.15283898305084745 0.034486873508353194 0.12686440677966102
0 0.49325775656324583 0.15283898305084745 0.03210023866348446 0.12686440677966102
0 0.42405727923627684 0.1401271186440678 0.036861575178997595 0.13533898305084746
0 0.375727923627685 0.1411864406779661 0.030883054892601562 0.13322033898305083
0 0.3268019093078759 0.12635593220338984 0.03325775656324569 0.14169491525423727
0 0.23910501193317424 0.11788135593220339 0.04159904534606193 0.13747881355932207
0 0.19733890214797137 0.10940677966101695 0.03681384248210013 0.1459533898305085
0 0.15558472553699285 0.11788135593220339 0.029653937947493925 0.12900423728813562
0 0.11739856801909307 0.11260593220338982 0.03441527446300706 0.12264830508474577
0 0.0762291169451074 0.09883474576271187 0.04276849642004763 0.13747881355932204
0 0.823782816229117 0.3815889830508475 0.0846539379474941 0.06741525423728813
0 0.6674701670644391 0.42497881355932204 0.034510739856801996 0.13726694915254242
0 0.6149642004773269 0.34875 0.03927207637231493 0.13309322033898305
0 0.5779832935560859 0.3445127118644068 0.03449880668257753 0.1288559322033898
0 0.5332338902147972 0.338156779661017 0.035680190930787566 0.12463983050847455
0 0.48729116945107404 0.3455720338983051 0.034486873508353194 0.13097457627118642
0 0.4025775656324582 0.3445127118644068 0.04162291169451087 0.13733050847457626
0 0.3620047732696898 0.3349788135593221 0.039236276849642135 0.12675847457627115
0 0.3184486873508353 0.3275635593220339 0.038031026252983165 0.12887711864406776
0 0.2778878281622912 0.3127542372881356 0.030871121718376957 0.12887711864406776
0 0.23552505966587112 0.3127542372881356 0.03443914081145573 0.12463983050847455
0 0.19256563245823388 0.30004237288135593 0.039200477326968866 0.13313559322033905
0 0.15140811455847256 0.30427966101694914 0.04278042959427197 0.1246610169491526
0 0.021945107398568003 0.2947457627118644 0.03678997613365147 0.122542372881356
0 0.8255727923627686 0.6982203389830508 0.033341288782816295 0.12442796610169496
0 0.8213961813842483 0.8295338983050848 0.03453460620525066 0.12434322033898293
0 0.7420405727923628 0.681271186440678 0.035715990453460696 0.1371398305084746
0 0.7414439140811456 0.8348305084745763 0.03452267303102633 0.13493644067796598
0 0.6555369928400954 0.6939830508474576 0.034510739856801996 0.11171610169491529
0 0.6978997613365154 0.8390677966101695 0.03331742243436763 0.13069915254237274
0 0.6113842482100238 0.6855084745762712 0.036885441527446196 0.12019067796610174
0 0.571420047732697 0.6897457627118644 0.02853221957040569 0.11171610169491529
0 0.6567303102625297 0.8210805084745763 0.03212410501193326 0.12434322033898293
0 0.6101909307875895 0.8263559322033899 0.039272076372315 0.13493644067796598
0 0.5672434367541767 0.8221398305084746 0.036885441527446265 0.12646186440677953
0 0.48967780429594276 0.6601059322033899 0.03447494033412886 0.1371398305084746
0 0.447326968973747 0.6675211864406779 0.033281622911694494 0.13925847457627122
0 0.4037708830548926 0.6728177966101695 0.0368496420047734 0.1371398305084746
0 0.48490453460620525 0.820021186440678 0.036861575178997595 0.12646186440677953
0 0.44374701670644395 0.8041313559322034 0.04521479713603817 0.1412923728813558
0 0.3602147971360382 0.678114406779661 0.0404295942720765 0.12230932203389834
0 0.3208353221957041 0.6654025423728813 0.038031026252983165 0.12233050847457629
0 0.2766945107398568 0.6558686440677965 0.03564439140811443 0.1286864406779661
0 0.2331384248210024 0.6399788135593221 0.029665871121718257 0.13504237288135595
0 0.19375894988066827 0.6452754237288135 0.03681384248210013 0.13292372881355935
0 0.1490214797136038 0.6569279661016949 0.035620525059665765 0.11809322033898308
0 0.3184486873508353 0.8073093220338984 0.038031026252983165 0.1391737288135592
0 0.27550119331742245 0.8020127118644068 0.038031026252983165 0.13283898305084754
0 0.23373508353221958 0.7903601694915254 0.040405727923627566 0.13072033898305094
0 0.19137231503579952 0.7935381355932204 0.03681384248210013 0.13283898305084754
0 0.06011933174224343 0.781885593220339 0.04157517899761327 0.14766949152542383