0 0.24961267605633802 0.1482291666666667 0.038661971830985915 0.11641666666666665
0 0.29420187793427227 0.15029166666666666 0.03395539906103287 0.12058333333333332
0 0.36227699530516433 0.15758333333333333 0.03159624413145535 0.12683333333333333
0 0.39983568075117376 0.152375 0.03393192488262907 0.12474999999999999
0 0.44501173708920183 0.17216666666666666 0.03275821596244128 0.1185
0 0.49372065727699527 0.16695833333333335 0.0339201877934272 0.12474999999999999
0 0.5312793427230047 0.17945833333333333 0.03157276995305162 0.12474999999999999
0 0.5981690140845071 0.17527083333333332 0.03625586854460099 0.13308333333333333
0 0.6457042253521127 0.17631249999999998 0.03037558685446022 0.13099999999999998
0 0.6891314553990611 0.16172916666666665 0.03271126760563368 0.13933333333333334
0 0.7777347417840376 0.16172916666666665 0.04091549295774636 0.13518749999999996
0 0.8188145539906103 0.15964583333333332 0.03620892018779332 0.1435208333333333
0 0.8575352112676057 0.17006249999999998 0.02916666666666656 0.12685416666666666
0 0.8974413145539906 0.16695833333333335 0.03384976525821587 0.12060416666666668
0 0.9402816901408451 0.16383333333333333 0.04206572769953042 0.13518750000000004
0 0.19796948356807512 0.36483333333333334 0.08326291079812206 0.06629166666666665
0 0.40335680751173714 0.3554375 0.03862676056338024 0.130875
0 0.4373826291079812 0.3533541666666667 0.03393192488262907 0.1267083333333333
0 0.48139671361502345 0.3554375 0.035093896713615 0.12256249999999996
0 0.5254107981220657 0.36481250000000004 0.0339201877934272 0.12879166666666667
0 0.6063849765258216 0.36374999999999996 0.0409389671361503 0.13504166666666664
0 0.6474647887323943 0.36895833333333333 0.038591549295774775 0.1246458333333333
0 0.6891314553990611 0.36166666666666664 0.03740610328638485 0.12672916666666664
0 0.7278521126760563 0.3346041666666667 0.030363849765258088 0.12672916666666664
0 0.7730399061032864 0.35127083333333337 0.0338732394366196 0.12256249999999996
0 0.809424882629108 0.3429375 0.03855633802816891 0.13091666666666674
0 0.8510798122065728 0.35125 0.04207746478873229 0.12258333333333328
0 0.9783920187793428 0.360625 0.03617370892018772 0.12049999999999995
0 0.18681924882629106 0.6699375 0.03279342723004695 0.12235416666666671
0 0.18271126760563378 0.8032291666666667 0.033967136150234736 0.1222708333333332
0 0.26780516431924883 0.6616041666666667 0.03512910798122067 0.1348541666666667
0 0.34936619718309864 0.6845 0.033943661971830935 0.10985416666666671
0 0.30652582159624414 0.8250833333333334 0.03276995305164318 0.12852083333333322
0 0.3951408450704226 0.6865833333333333 0.036279342723004655 0.11818750000000004
0 0.4344483568075117 0.69075 0.028063380281690104 0.10985416666666671
0 0.3481924882629108 0.8094791666666666 0.03159624413145535 0.1222708333333332
0 0.3892723004694836 0.8167500000000001 0.03862676056338024 0.13268749999999987
0 0.43268779342723 0.8209375 0.036279342723004655 0.12435416666666654
0 0.5148474178403756 0.6616041666666667 0.03390845070422534 0.1348541666666667
0 0.5969953051643192 0.6782708333333333 0.03624413145539912 0.1348541666666667
0 0.5148474178403756 0.8209375 0.036255868544600924 0.12435416666666654
0 0.5541549295774648 0.8178125 0.04447183098591548 0.13893749999999988
0 0.6421830985915493 0.687625 0.03976525821596257 0.12027083333333337
0 0.6785680751173708 0.6834583333333334 0.03740610328638485 0.12029166666666669
0 0.7196361502347418 0.6761666666666667 0.03505868544600926 0.1265416666666667
0 0.7589553990610328 0.6647083333333333 0.029178403755868425 0.1327916666666667
0 0.8000352112676057 0.6699166666666667 0.03620892018779332 0.13070833333333334
0 0.844037558685446 0.6876041666666667 0.035035211267605525 0.11612500000000002
0 0.6750469483568075 0.8271666666666667 0.03740610328638485 0.13685416666666655
0 0.7172887323943662 0.8177916666666667 0.03740610328638485 0.1306250000000001
0 0.7583685446009389 0.8042708333333334 0.03974178403755857 0.12854166666666675
0 0.7941666666666667 0.8157083333333334 0.03620892018779332 0.1306250000000001
0 0.9244366197183098 0.8188124999999999 0.04089201877934263 0.14520833333333344
0 0.2625234741784037 0.8188333333333334 0.031607981220657284 0.1284999999999999
0 0.20383802816901406 0.14404166666666668 0.03631455399061033 0.11641666666666665
0 0.9344014084507043 0.03658333333333333 0.07495305164319237 0.07316666666666666
0 0.48609154929577464 0.47833333333333333 0.0703521126760564 0.07245833333333339