0 0.2249036144578313 0.14409871244635195 0.039686746987951806 0.11991416309012874
0 0.27067469879518075 0.14622317596566523 0.034855421686747 0.12420600858369098
0 0.34537349397590367 0.1494420600858369 0.032433734939758985 0.13064377682403433
0 0.3899518072289157 0.14622317596566523 0.03483132530120478 0.1284978540772532
0 0.4278915662650602 0.15158798283261804 0.03362650602409635 0.12206008583690986
0 0.47668674698795177 0.15051502145922746 0.03481927710843371 0.1284978540772532
0 0.5188554216867469 0.16553648068669527 0.03240963855421684 0.1284978540772532
0 0.5875180722891566 0.15049356223175964 0.037216867469879504 0.13708154506437767
0 0.6399277108433735 0.14727467811158798 0.031180722891566398 0.13493562231759657
0 0.6869156626506024 0.14512875536480685 0.033578313253011915 0.143519313304721
0 0.7730481927710844 0.13225321888412017 0.04199999999999988 0.13924892703862657
0 0.8200361445783132 0.11937768240343348 0.03716867469879507 0.14783261802575107
0 0.8597831325301205 0.13225321888412017 0.02993975903614447 0.13066523605150213
0 0.8983373493975904 0.12690987124463518 0.03474698795180713 0.12422746781115881
0 0.9386987951807229 0.10869098712446351 0.043180722891566166 0.13924892703862662
0 0.17550602409638552 0.37364806866952793 0.08546987951807229 0.06828326180257509
0 0.393566265060241 0.3468025751072962 0.03965060240963852 0.13480686695278968
0 0.427289156626506 0.3468025751072962 0.03483132530120478 0.13051502145922744
0 0.4748795180722891 0.3382188841201717 0.03602409638554214 0.126244635193133
0 0.5200602409638554 0.35002145922746786 0.03481927710843371 0.13266094420600857
0 0.6019759036144579 0.35536480686695276 0.042024096385542234 0.1390987124463519
0 0.644144578313253 0.3414377682403434 0.03961445783132543 0.12839055793991414
0 0.6845060240963855 0.32746781115879825 0.03839759036144565 0.13053648068669524
0 0.7314819277108434 0.32748927038626613 0.03116867469879505 0.13053648068669524
0 0.7754578313253012 0.3339270386266095 0.034771084337349274 0.126244635193133
0 0.8128072289156626 0.325343347639485 0.03957831325301194 0.13484978540772535
0 0.8543614457831326 0.32746781115879825 0.043192771084337236 0.12626609442060083
0 0.9843373493975903 0.3218884120171674 0.03132530120481928 0.12446351931330472
0 0.17249397590361445 0.6836266094420601 0.03366265060240964 0.126030042918455
0 0.17309638554216866 0.8252145922746781 0.03486746987951807 0.12594420600858355
0 0.25924096385542167 0.66431330472103 0.03606024096385543 0.13890557939914167
0 0.3429638554216868 0.6878969957081545 0.03484337349397586 0.11315450643776828
0 0.2989879518072289 0.8327038626609442 0.033638554216867456 0.13238197424892692
0 0.3899518072289157 0.6900429184549356 0.037240963855421645 0.12173819742489274
0 0.4303012048192771 0.6943347639484979 0.028807228915662612 0.11315450643776828
0 0.34175903614457837 0.8166309012875537 0.032433734939758985 0.12594420600858355
0 0.3839277108433735 0.8241201716738198 0.03965060240963852 0.13667381974248916
0 0.42849397590361443 0.8284334763948498 0.037240963855421645 0.12809012875536469
0 0.5128313253012048 0.66431330472103 0.03480722891566263 0.13890557939914167
0 0.5971566265060241 0.681480686695279 0.03720481927710843 0.13890557939914167
0 0.5128313253012048 0.8155579399141631 0.037216867469879504 0.12809012875536469
0 0.5543855421686746 0.8166309012875537 0.04565060240963854 0.1431115879828325
0 0.6435421686746988 0.6911158798283262 0.04081927710843387 0.12388412017167386
0 0.6808915662650602 0.6868240343347639 0.03839759036144565 0.12390557939914165
0 0.7230481927710843 0.67931330472103 0.03598795180722878 0.130343347639485
0 0.7688313253012048 0.6610729613733906 0.033566265060240845 0.13678111587982836
0 0.805578313253012 0.6535836909871244 0.03716867469879507 0.13463519313304723
0 0.8555662650602409 0.6718025751072961 0.03596385542168664 0.11961373390557942
0 0.6796867469879518 0.826266094420601 0.03839759036144565 0.14096566523605136
0 0.7206385542168675 0.8251931330472103 0.03839759036144565 0.13454935622317607
0 0.7628072289156627 0.8112660944206009 0.04079518072289145 0.13240343347639494
0 0.8019638554216867 0.8058798283261803 0.03716867469879507 0.13454935622317607
0 0.9393012048192771 0.8047854077253218 0.04197590361445773 0.14957081545064388
0 0.2538192771084337 0.826266094420601 0.03244578313253013 0.13236051502145912
0 0.18032530120481927 0.14193133047210302 0.03727710843373494 0.11991416309012874
0 0.5519759036144578 0.665343347639485 0.05053012048192777 0.13255364806866948
0 0.2918192771084337 0.5012660944206009 0.07451807228915662 0.0918025751072962