0 0.22275656324582338 0.15497881355932205 0.03930787589498806 0.11838983050847457
0 0.268090692124105 0.15707627118644069 0.03452267303102626 0.12262711864406779
0 0.34207637231503585 0.1602542372881356 0.03212410501193313 0.12898305084745762
0 0.3862291169451074 0.15707627118644069 0.03449880668257753 0.12686440677966102
0 0.4238066825775656 0.1623728813559322 0.03330548926014316 0.12050847457627117
0 0.4721360381861575 0.1613135593220339 0.034486873508353194 0.12686440677966102
0 0.5139021479713604 0.17614406779661018 0.03210023866348446 0.12686440677966102
0 0.581909307875895 0.16129237288135592 0.036861575178997595 0.13533898305084746
0 0.63381861575179 0.15811440677966102 0.030883054892601562 0.13322033898305083
0 0.6803579952267302 0.1559957627118644 0.03325775656324569 0.14169491525423727
0 0.7656682577565632 0.14328389830508473 0.04159904534606193 0.137478813559322
0 0.8122076372315036 0.1305720338983051 0.03681384248210013 0.14595338983050848
0 0.8515751789976134 0.14328389830508473 0.029653937947493925 0.1290042372881356
0 0.8897613365155131 0.1380084745762712 0.03441527446300706 0.12264830508474578
0 0.9297374701670644 0.12002118644067797 0.04276849642004763 0.13747881355932204
0 0.1738305489260143 0.38161016949152543 0.08465393794749403 0.06741525423728813
0 0.38980906921241054 0.3551059322033899 0.039272076372315 0.13309322033898305
0 0.42321002386634843 0.3551059322033899 0.03449880668257753 0.1288559322033898
0 0.47034606205250595 0.3466313559322034 0.035680190930787566 0.12463983050847455
0 0.5150954653937947 0.3582838983050848 0.034486873508353194 0.13097457627118642
0 0.5962291169451074 0.3635593220338983 0.0416229116945108 0.13733050847457626
0 0.6379952267303103 0.3498093220338983 0.039236276849642135 0.12675847457627115
0 0.6779713603818616 0.3360169491525424 0.038031026252983165 0.12887711864406776
0 0.7244988066825776 0.3360381355932204 0.030871121718376957 0.12887711864406776
0 0.768054892601432 0.3423940677966102 0.03443914081145573 0.12463983050847455
0 0.8050477326968973 0.3339194915254238 0.039200477326968866 0.13313559322033902
0 0.8462052505966587 0.3360169491525424 0.04278042959427197 0.12466101694915249
0 0.9780310262529833 0.33074152542372887 0.03677804295942713 0.12254237288135597
0 0.1708472553699284 0.6876483050847457 0.033341288782816225 0.12442796610169496
0 0.17144391408114557 0.8274364406779662 0.0345346062052506 0.12434322033898293
0 0.25676610978520287 0.6685805084745763 0.035715990453460626 0.1371398305084746
0 0.3396897374701671 0.691864406779661 0.03451073985680186 0.11171610169491529
0 0.29613365155131266 0.8348305084745763 0.03331742243436753 0.13069915254237274
0 0.3862291169451074 0.6939830508474576 0.036885441527446265 0.12019067796610174
0 0.4261933174224343 0.6982203389830508 0.02853221957040569 0.11171610169491529
0 0.3384964200477327 0.8189618644067796 0.03212410501193313 0.12434322033898293
0 0.38026252983293557 0.8263559322033899 0.039272076372315 0.13493644067796598
0 0.42440334128878276 0.830614406779661 0.036885441527446265 0.12646186440677953
0 0.5079355608591886 0.6685805084745763 0.03447494033412886 0.1371398305084746
0 0.5914558472553699 0.6855296610169491 0.03684964200477327 0.1371398305084746
0 0.5079355608591886 0.8179025423728814 0.036861575178997595 0.12646186440677953
0 0.5490930787589499 0.8189618644067796 0.04521479713603817 0.1412923728813558
0 0.6373985680190931 0.695042372881356 0.0404295942720765 0.12230932203389834
0 0.6743914081145584 0.6908050847457627 0.038031026252983165 0.12233050847457629
0 0.716145584725537 0.6833898305084746 0.03564439140811443 0.1286864406779661
0 0.7614916467780429 0.6653813559322034 0.03324582338902136 0.13504237288135595
0 0.7978878281622912 0.6579872881355932 0.03681384248210013 0.13292372881355935
0 0.8473985680190931 0.6759745762711864 0.035620525059665765 0.11809322033898308
0 0.6731980906921241 0.8284745762711865 0.038031026252983165 0.1391737288135592
0 0.7137589498806682 0.8274152542372882 0.038031026252983165 0.13283898305084754
0 0.7555250596658711 0.8136652542372882 0.040405727923627566 0.13072033898305094
0 0.7943078758949881 0.8083474576271187 0.03681384248210013 0.13283898305084754
0 0.9303341288782816 0.8072669491525423 0.04157517899761327 0.14766949152542383
0 0.2513961813842482 0.8284745762711865 0.032136038186157526 0.1306779661016948
0 0.17860381861575178 0.15283898305084745 0.036921241050119326 0.11838983050847457
0 0.5467064439140811 0.6695974576271186 0.05004773269689744 0.13086864406779658
0 0.28903341288782813 0.5076059322033898 0.07380668257756562 0.09063559322033904