0 0.18518912529550827 0.163109243697479 0.0342080378250591 0.1110924369747899
0 0.22774231678486997 0.16415966386554623 0.03893617021276596 0.11739495798319327
0 0.2773758865248227 0.15365546218487394 0.03419621749408984 0.12159663865546218
0 0.34711583924349887 0.163109243697479 0.03182033096926709 0.12789915966386553
0 0.38612293144208043 0.1599579831932773 0.03417257683215126 0.12579831932773108
0 0.42807328605200945 0.163109243697479 0.03299054373522455 0.11949579831932772
0 0.47712765957446807 0.15575630252100842 0.034160756501182006 0.12579831932773108
0 0.5161347517730496 0.1599579831932773 0.03179669030732858 0.12579831932773108
0 0.5834988179669031 0.1473529411764706 0.036513002364066176 0.1342016806722689
0 0.6337352245862884 0.14210084033613446 0.030591016548463485 0.13210084033613445
0 0.6821985815602837 0.13369747899159665 0.03294326241134739 0.14050420168067226
0 0.7690661938534279 0.12529411764705883 0.04120567375886513 0.13632352941176473
0 0.8116193853427895 0.116890756302521 0.03646572104018902 0.14472689075630255
0 0.8517966903073286 0.12739495798319328 0.029373522458628735 0.12792016806722692
0 0.8908037825059102 0.12006302521008404 0.03408983451536633 0.12161764705882352
0 0.9304018912529551 0.10850840336134454 0.04236406619385333 0.1363235294117647
0 0.18400709219858155 0.3867857142857143 0.08385342789598109 0.06684873949579831
0 0.33765957446808514 0.4046428571428572 0.03418439716312052 0.13611344537815132
0 0.39085106382978724 0.35422268907563026 0.038900709219858116 0.13197478991596637
0 0.4310283687943262 0.3521218487394958 0.03417257683215126 0.12777310924369747
0 0.4718085106382978 0.343718487394958 0.03534278959810872 0.12359243697478989
0 0.5173167848699763 0.3510714285714286 0.034160756501182006 0.12987394957983192
0 0.6012293144208037 0.35002100840336137 0.041229314420803846 0.1361764705882353
0 0.6414184397163121 0.34056722689075636 0.038865248226950484 0.12569327731092433
0 0.6845626477541371 0.33321428571428574 0.03767139479905424 0.12779411764705878
0 0.7247399527186761 0.3185294117647059 0.03057919621749396 0.12779411764705878
0 0.7667021276595745 0.3185294117647059 0.03411347517730485 0.12359243697478989
0 0.8092553191489361 0.30592436974789916 0.03882978723404244 0.13201680672268912
0 0.8500236406619386 0.31012605042016805 0.04237588652482259 0.1236134453781513
0 0.9816784869976359 0.3004201680672269 0.03664302600472813 0.12184873949579832
0 0.18223404255319148 0.7007563025210084 0.033026004728132385 0.12338235294117651
0 0.18637115839243498 0.8309663865546218 0.0342080378250591 0.12329831932773097
0 0.26497635933806146 0.6839495798319328 0.035378250591016555 0.13598739495798323
0 0.2655673758865248 0.8362184873949581 0.03419621749408984 0.13380252100840323
0 0.350661938534279 0.6965546218487395 0.03418439716312052 0.11077731092436979
0 0.30869976359338064 0.840420168067227 0.03300236406619384 0.12960084033613434
0 0.3943971631205674 0.6881512605042017 0.03653664302600469 0.1191806722689076
0 0.433983451536643 0.6923529411764706 0.028262411347517693 0.11077731092436979
0 0.3494799054373523 0.8225840336134455 0.03182033096926709 0.12329831932773097
0 0.3955791962174941 0.8278151260504202 0.038900709219858116 0.13380252100840323
0 0.4381205673758865 0.8236344537815127 0.03653664302600469 0.12539915966386542
0 0.518498817966903 0.665063025210084 0.03414893617021275 0.13598739495798323
0 0.5592671394799055 0.6703151260504202 0.032966903073286036 0.13808823529411768
0 0.6000472813238771 0.6755672268907563 0.03650118203309699 0.13598739495798323
0 0.5196808510638298 0.8215336134453782 0.036513002364066176 0.12539915966386542
0 0.5604491725768321 0.8057773109243698 0.04478723404255318 0.1401050420168066
0 0.6431914893617021 0.6808193277310924 0.0400472813238772 0.12128151260504205
0 0.6821985815602837 0.6682142857142856 0.03767139479905424 0.12130252100840339
0 0.7259219858156029 0.6587605042016806 0.03530732860520082 0.12760504201680675
0 0.7690661938534279 0.6430042016806723 0.02938534278959799 0.1339075630252101
0 0.8080732860520095 0.6482563025210084 0.03646572104018902 0.13180672268907564
0 0.852387706855792 0.6598109243697479 0.0352836879432623 0.11710084033613448
0 0.6845626477541371 0.8089285714285714 0.03767139479905424 0.13800420168067215
0 0.7271040189125295 0.8036764705882353 0.03767139479905424 0.13172268907563034
0 0.7684751773049645 0.7921218487394959 0.04002364066193841 0.1296218487394959
0 0.8104373522458629 0.7952731092436975 0.03646572104018902 0.13172268907563034
0 0.9404491725768321 0.783718487394958 0.04118203309692662 0.14642857142857152