0 0.8269952494061759 0.1659071729957806 0.03437054631828985 0.11156118143459914
0 0.7818646080760095 0.1711814345991561 0.03912114014251788 0.11789029535864978
0 0.7355581947743468 0.16063291139240507 0.03435866983372929 0.1221097046413502
0 0.6654869358669833 0.16379746835443038 0.03197149643705472 0.12843881856540085
0 0.621543942992874 0.16274261603375528 0.03433491686460797 0.12632911392405063
0 0.5805819477434679 0.16168776371308016 0.033147268408551034 0.12
0 0.5301068883610451 0.15852320675105486 0.03432304038004748 0.12632911392405063
0 0.49328978622327796 0.15852320675105486 0.031947743467933463 0.12632911392405063
0 0.42441805225653206 0.14586497890295358 0.036686460807600935 0.13476793248945146
0 0.3763182897862233 0.1469198312236287 0.030736342042755473 0.13265822784810125
0 0.327624703087886 0.1321518987341772 0.03309976247030866 0.1410970464135021
0 0.24034441805225654 0.12371308016877637 0.04140142517814715 0.1368987341772152
0 0.1987767220902613 0.11527426160337553 0.03663895486935856 0.14533755274261606
0 0.1572209026128266 0.12371308016877637 0.02951306413301652 0.12845991561181438
0 0.11921615201900237 0.11845991561181435 0.03425178147268399 0.12213080168776372
0 0.07824228028503562 0.10474683544303798 0.04256532066508304 0.13689873417721518
0 0.8269952494061759 0.3968565400843882 0.08425178147268415 0.0671308016877637
0 0.6654869358669833 0.4189662447257384 0.03434679334916873 0.13668776371308022
0 0.617980997624703 0.3536075949367089 0.039085510688836 0.13253164556962024
0 0.5811757719714965 0.3493881856540085 0.03433491686460804 0.12831223628691982
0 0.5378266033254157 0.3430590717299578 0.03551068883610448 0.12411392405063287
0 0.49210213776722095 0.3483333333333334 0.03432304038004748 0.13042194092827003
0 0.40779097387173396 0.3493881856540085 0.04142517814726854 0.13675105485232067
0 0.36741092636579575 0.33989451476793253 0.03904988123515452 0.1262236286919831
0 0.32287410926365795 0.3304008438818566 0.03785035629453669 0.1283333333333333
0 0.2836935866983373 0.31776371308016876 0.030724465558194646 0.1283333333333333
0 0.24153206650831355 0.319873417721519 0.03427553444180511 0.12411392405063287
0 0.2011520190023753 0.30510548523206754 0.039014251781472574 0.13257383966244732
0 0.1578147268408551 0.30510548523206754 0.0425771971496436 0.12413502109704648
0 0.02421615201900236 0.29983122362869197 0.03661520190023744 0.12202531645569627
0 0.8240261282660333 0.7016033755274261 0.033182897862232844 0.12390295358649793
0 0.8198693586698338 0.8323628691983123 0.03437054631828985 0.12381856540084375
0 0.7408907363420428 0.6847257383966244 0.0355463182897863 0.1365611814345992
0 0.6595486935866982 0.6952742616033756 0.03434679334916873 0.11124472573839667
0 0.696959619952494 0.8418565400843883 0.033159144893111725 0.13014767932489438
0 0.610855106888361 0.6889451476793249 0.036710213776721984 0.1196835443037975
0 0.5710807600950119 0.6931645569620253 0.028396674584323003 0.11124472573839667
0 0.6559857482185272 0.8239451476793249 0.03197149643705472 0.12381856540084375
0 0.609667458432304 0.8291983122362869 0.039085510688836 0.1343670886075948
0 0.5669239904988124 0.8250000000000001 0.03671021377672205 0.12592827004219398
0 0.4897268408551069 0.6636497890295359 0.03431116389548692 0.1365611814345992
0 0.4475771971496437 0.6710337552742616 0.033123515439429915 0.1386708860759494
0 0.404228028503563 0.6763080168776371 0.03667458432304051 0.1365611814345992
0 0.4849762470308789 0.8228902953586498 0.036686460807600935 0.12592827004219398
0 0.4440142517814727 0.8070675105485232 0.044999999999999984 0.14069620253164544
0 0.3608788598574822 0.6815822784810126 0.040237529691211534 0.12179324894514772
0 0.321686460807601 0.6689240506329114 0.03785035629453669 0.1218143459915612
0 0.2789429928741093 0.6573206751054852 0.03547505938242267 0.12814345991561182
0 0.24034441805225654 0.6372784810126582 0.02952494061757708 0.13447257383966246
0 0.19521377672209025 0.6488818565400843 0.03663895486935856 0.13236286919831225
0 0.15068883610451306 0.6604852320675105 0.035451306413301555 0.11759493670886077
0 0.31931116389548697 0.8102320675105485 0.03785035629453669 0.13858649789029523
0 0.27656769596199526 0.804957805907173 0.03785035629453669 0.13227848101265832
0 0.23500000000000001 0.7933544303797468 0.040213776722090144 0.1301687763713081
0 0.19283847980997626 0.7965189873417722 0.03663895486935856 0.13227848101265832
0 0.06220902612826603 0.784915611814346 0.04137767220902603 0.1470464135021098
0 0.7268408551068883 0.9525316455696202 0.05938242280285035 0.0949367088607595