0 0.8213961813842483 0.1623728813559322 0.03453460620525066 0.11203389830508474
0 0.7760501193317423 0.16766949152542374 0.03930787589498813 0.11838983050847457
0 0.7295226730310262 0.15707627118644069 0.03452267303102633 0.12262711864406779
0 0.6591169451073985 0.1602542372881356 0.03212410501193326 0.12898305084745762
0 0.6149642004773269 0.1591949152542373 0.03449880668257746 0.12686440677966102
0 0.5738066825775656 0.158135593220339 0.03330548926014316 0.12050847457627117
0 0.5230906921241051 0.15495762711864408 0.034486873508353194 0.12686440677966102
0 0.48609785202863964 0.15495762711864408 0.03210023866348446 0.12686440677966102
0 0.41689737470167065 0.1422457627118644 0.036861575178997595 0.13533898305084746
0 0.3685680190930788 0.1433050847457627 0.030883054892601562 0.13322033898305083
0 0.3196420047732697 0.12847457627118644 0.03325775656324569 0.14169491525423727
0 0.23194510739856802 0.12 0.04159904534606193 0.13747881355932207
0 0.19017899761336515 0.11152542372881356 0.03681384248210013 0.1459533898305085
0 0.14842482100238663 0.12 0.029653937947493925 0.12900423728813562
0 0.11023866348448687 0.11472457627118644 0.03441527446300706 0.12264830508474577
0 0.0690692124105012 0.10095338983050847 0.04276849642004763 0.13747881355932204
0 0.8225894988066826 0.39430084745762717 0.0846539379474941 0.06741525423728813
0 0.6603102625298328 0.42709745762711865 0.034510739856801996 0.13726694915254242
0 0.6113842482100238 0.35086864406779666 0.03927207637231493 0.13309322033898305
0 0.5744033412887829 0.3466313559322034 0.03449880668257753 0.1288559322033898
0 0.5308472553699284 0.3402754237288136 0.035680190930787566 0.12463983050847455
0 0.48490453460620525 0.3455720338983051 0.034486873508353194 0.13097457627118642
0 0.4001909307875895 0.3466313559322034 0.04162291169451087 0.13733050847457626
0 0.35961813842482104 0.3370974576271187 0.039236276849642135 0.12675847457627115
0 0.31486873508353225 0.3275635593220339 0.038031026252983165 0.12887711864406776
0 0.27550119331742245 0.3148728813559322 0.030871121718376957 0.12887711864406776
0 0.2331384248210024 0.3169915254237288 0.03443914081145573 0.12463983050847455
0 0.19256563245823388 0.30216101694915254 0.039200477326968866 0.13313559322033905
0 0.1490214797136038 0.30216101694915254 0.04278042959427197 0.1246610169491526
0 0.016706443914081145 0.2966101694915254 0.03341288782816229 0.1228813559322034
0 0.8184128878281623 0.7003389830508474 0.033341288782816295 0.12442796610169496
0 0.8142362768496421 0.8316525423728814 0.03453460620525066 0.12434322033898293
0 0.7348806682577567 0.6833898305084746 0.035715990453460696 0.1371398305084746
0 0.7378639618138425 0.8814194915254236 0.03452267303102633 0.13493644067796623
0 0.6531503579952266 0.6939830508474576 0.034510739856801996 0.11171610169491529
0 0.6907398568019092 0.8411864406779661 0.03331742243436763 0.13069915254237274
0 0.6042243436754177 0.6876271186440678 0.036885441527446265 0.12019067796610174
0 0.5642601431980907 0.691864406779661 0.02853221957040569 0.11171610169491529
0 0.6495704057279236 0.8231991525423729 0.03212410501193326 0.12434322033898293
0 0.6030310262529832 0.8284745762711865 0.039272076372315 0.13493644067796598
0 0.5600835322195704 0.8242584745762712 0.036885441527446265 0.12646186440677953
0 0.4825178997613365 0.6622245762711865 0.03447494033412886 0.1371398305084746
0 0.44016706443914083 0.6696398305084745 0.033281622911694494 0.13925847457627122
0 0.39661097852028643 0.6749364406779661 0.0368496420047734 0.1371398305084746
0 0.47774463007159906 0.8221398305084746 0.036861575178997595 0.12646186440677953
0 0.4365871121718377 0.80625 0.04521479713603817 0.1412923728813558
0 0.353054892601432 0.6802330508474577 0.0404295942720765 0.12230932203389834
0 0.31367541766109786 0.6675211864406779 0.038031026252983165 0.12233050847457629
0 0.2695346062052506 0.6579872881355932 0.03564439140811443 0.1286864406779661
0 0.2259785202863962 0.6420974576271187 0.029665871121718257 0.13504237288135595
0 0.18659904534606206 0.6473940677966101 0.03681384248210013 0.13292372881355935
0 0.1418615751789976 0.6590466101694915 0.035620525059665765 0.11809322033898308
0 0.3112887828162291 0.809427966101695 0.038031026252983165 0.1391737288135592
0 0.2683412887828162 0.8041313559322034 0.038031026252983165 0.13283898305084754
0 0.22657517899761337 0.792478813559322 0.040405727923627566 0.13072033898305094
0 0.18421241050119333 0.795656779661017 0.03681384248210013 0.13283898305084754
0 0.05295942720763722 0.7840042372881356 0.04157517899761327 0.14766949152542383