0 0.7486104513064133 0.1458860759493671 0.03912114014251788 0.11789029535864978
0 0.7046793349168646 0.14586497890295358 0.03435866983372929 0.1221097046413502
0 0.6357957244655581 0.15746835443037974 0.03197149643705472 0.12843881856540085
0 0.5918527315914489 0.16063291139240507 0.03433491686460804 0.12632911392405063
0 0.5497030878859858 0.1659071729957806 0.033147268408551034 0.12
0 0.505166270783848 0.16063291139240507 0.03432304038004748 0.12632911392405063
0 0.46716152019002377 0.17329113924050632 0.031947743467933463 0.12632911392405063
0 0.3971021377672209 0.1732700421940928 0.036686460807601066 0.13476793248945146
0 0.34900237529691214 0.17854430379746836 0.030736342042755473 0.13265822784810125
0 0.29912114014251784 0.17432489451476793 0.03309976247030866 0.1410970464135021
0 0.2165914489311164 0.1701054852320675 0.04140142517814715 0.13689873417721515
0 0.17502375296912115 0.16588607594936708 0.03663895486935856 0.145337552742616
0 0.13465558194774346 0.17221518987341772 0.02951306413301652 0.12845991561181433
0 0.09308788598574821 0.1859282700421941 0.03425178147268399 0.12213080168776369
0 0.053301662707838475 0.17854430379746836 0.04256532066508304 0.13689873417721515
0 0.8044299287410926 0.3610126582278481 0.08425178147268415 0.0671308016877637
0 0.596603325415677 0.35149789029535866 0.03908551068883607 0.13253164556962024
0 0.5621733966745843 0.3493881856540085 0.03433491686460804 0.12831223628691982
0 0.5176365795724466 0.35149789029535866 0.03551068883610448 0.12411392405063287
0 0.4730997624703088 0.3609915611814346 0.03432304038004748 0.13042194092827003
0 0.3923515439429929 0.37679324894514765 0.04142517814726854 0.13675105485232067
0 0.34959619952494064 0.3651898734177215 0.03904988123515452 0.1262236286919831
0 0.30743467933491686 0.35780590717299576 0.03785035629453669 0.1283333333333333
0 0.2623159144893112 0.35782700421940933 0.030724465558194646 0.1283333333333333
0 0.22134204275534441 0.3599367088607595 0.03427553444180511 0.12411392405063287
0 0.1821496437054632 0.35780590717299576 0.039014251781472574 0.1325738396624472
0 0.13999999999999999 0.37046413502109704 0.0425771971496436 0.12413502109704636
0 0.014845605700712588 0.3755274261603376 0.029691211401425176 0.12236286919831224
0 0.8157125890736342 0.6699789029535865 0.033182897862232844 0.12390295358649793
0 0.8198693586698338 0.804957805907173 0.03437054631828985 0.12381856540084375
0 0.7337648456057008 0.6615400843881857 0.0355463182897863 0.1365611814345992
0 0.6512351543942992 0.6847257383966244 0.03434679334916873 0.11124472573839667
0 0.69458432304038 0.8270886075949367 0.033159144893111725 0.13014767932489438
0 0.604916864608076 0.6868354430379747 0.03671021377672205 0.1196835443037975
0 0.5651425178147269 0.6910548523206751 0.028396674584323003 0.11124472573839667
0 0.6524228028503561 0.8112869198312237 0.03197149643705472 0.12381856540084375
0 0.610855106888361 0.8186497890295359 0.039085510688836 0.1343670886075948
0 0.5669239904988124 0.8228902953586498 0.03671021377672205 0.12592827004219398
0 0.48378859857482187 0.6615400843881857 0.03431116389548692 0.1365611814345992
0 0.4428266033254157 0.6246413502109704 0.033123515439429915 0.1386708860759494
0 0.40066508313539195 0.6910759493670886 0.03667458432304051 0.1365611814345992
0 0.48378859857482187 0.8228902953586498 0.036686460807600935 0.12592827004219398
0 0.4440142517814727 0.8197257383966245 0.044999999999999984 0.14069620253164544
0 0.35612826603325415 0.7047679324894515 0.040237529691211534 0.12179324894514772
0 0.31812351543942996 0.6921097046413502 0.03785035629453669 0.1218143459915612
0 0.27656769596199526 0.6889451476793249 0.03547505938242267 0.12814345991561182
0 0.2367814726840855 0.6815611814345992 0.02952494061757708 0.13447257383966246
0 0.19283847980997626 0.6847257383966244 0.03663895486935856 0.13236286919831225
0 0.14831353919239904 0.7068565400843883 0.035451306413301555 0.11759493670886077
0 0.321686460807601 0.8291983122362869 0.03785035629453669 0.13858649789029523
0 0.2813182897862233 0.8365822784810127 0.03785035629453669 0.13227848101265832
0 0.23618764845605703 0.8249789029535866 0.040213776722090144 0.1301687763713081
0 0.1999643705463183 0.8408016877637131 0.03663895486935856 0.13227848101265832
0 0.07052256532066507 0.8376160337552742 0.04137767220902603 0.1470464135021098
0 0.7391092636579573 0.8207594936708861 0.03198337292161528 0.1301265822784809
0 0.46080760095011875 0.9715189873417721 0.08076009501187649 0.056962025316455694
0 0.7949287410926367 0.13953586497890297 0.03674584323040386 0.11789029535864978
0 0.22980997624703087 0.04535864978902954 0.055819477434679333 0.09071729957805907
0 0.9798099762470309 0.38396624472573837 0.040380047505938245 0.1308016877637131