0 0.7773741007194245 0.15563829787234043 0.03949640287769791 0.11889361702127658
0 0.7282254196642686 0.15348936170212765 0.034688249400479695 0.12314893617021276
0 0.6598800959232612 0.16093617021276596 0.03227817745803366 0.129531914893617
0 0.6155155875299759 0.15774468085106383 0.03466426858513179 0.12740425531914892
0 0.5753597122302159 0.16306382978723405 0.03346522781774577 0.12102127659574467
0 0.524400479616307 0.16838297872340427 0.03465227817745801 0.12740425531914892
0 0.48723021582733816 0.1768936170212766 0.03225419664268583 0.12740425531914892
0 0.4188968824940048 0.16197872340425531 0.03703836930455634 0.13591489361702128
0 0.36673860911270983 0.15878723404255318 0.03103117505995217 0.1337872340425532
0 0.3199760191846523 0.1566595744680851 0.03341726618705023 0.1422978723404255
0 0.23425659472422064 0.1438936170212766 0.041798561151079015 0.13806382978723403
0 0.18749400479616307 0.13963829787234042 0.0369904076738608 0.14657446808510635
0 0.14793764988009592 0.15878723404255318 0.029796163069544256 0.12955319148936167
0 0.1083693045563549 0.15348936170212765 0.03458033573141477 0.12317021276595748
0 0.06580335731414867 0.1396595744680851 0.04297362110311741 0.13806382978723408
0 0.8253357314148682 0.3768510638297872 0.08505995203836937 0.06770212765957445
0 0.6119184652278177 0.3566170212765958 0.03946043165467622 0.1336595744680851
0 0.5783573141486811 0.3566170212765958 0.03466426858513186 0.12940425531914893
0 0.5309952038369304 0.3481063829787234 0.0358513189448441 0.1251702127659574
0 0.4860311750599521 0.3598085106382979 0.03465227817745801 0.131531914893617
0 0.4045083932853717 0.3651063829787234 0.04182254196642699 0.13791489361702125
0 0.36254196642685854 0.3512978723404256 0.03942446043165481 0.1272978723404255
0 0.32237410071942446 0.3374468085106383 0.03821342925659459 0.1294255319148936
0 0.2756235011990408 0.337468085106383 0.031019184652278046 0.1294255319148936
0 0.23185851318944845 0.34385106382978725 0.03460431654676247 0.1251702127659574
0 0.19468824940047963 0.3353404255319149 0.039388489208632985 0.13370212765957454
0 0.15333333333333332 0.3374468085106383 0.042985611510791256 0.12519148936170207
0 0.0220743405275779 0.33640425531914897 0.036954436450839255 0.12306382978723411
0 0.8319304556354916 0.6905744680851064 0.033501199040767454 0.12495744680851067
0 0.8325299760191847 0.8245744680851064 0.034700239808153545 0.12487234042553179
0 0.7455995203836931 0.6714255319148936 0.035887290167865786 0.13772340425531918
0 0.6622781774580335 0.6948085106382978 0.034676258992805846 0.11219148936170216
0 0.7060431654676258 0.8383829787234043 0.03347721822541975 0.13125531914893604
0 0.6155155875299759 0.696936170212766 0.03706235011990397 0.12070212765957451
0 0.5753597122302159 0.7011914893617022 0.0286690647482014 0.11219148936170216
0 0.6634772182254196 0.8224468085106383 0.03227817745803366 0.12487234042553179
0 0.6215107913669063 0.8298723404255319 0.03946043165467615 0.13551063829787222
0 0.577158273381295 0.8341489361702128 0.03706235011990404 0.12699999999999986
0 0.49322541966426864 0.6714255319148936 0.03464028776978416 0.13772340425531918
0 0.4093045563549161 0.6884468085106383 0.03702637889688249 0.13772340425531918
0 0.49322541966426864 0.8213829787234043 0.03703836930455634 0.12699999999999986
0 0.45187050359712233 0.8224468085106383 0.045431654676258974 0.14189361702127648
0 0.3631414868105516 0.698 0.0406235011990409 0.12282978723404259
0 0.32597122302158277 0.6937446808510639 0.03821342925659459 0.12285106382978725
0 0.2840167865707434 0.6862978723404255 0.03581534772182241 0.1292340425531915
0 0.23845323741007196 0.6682127659574468 0.03340527577937638 0.13561702127659575
0 0.1982853717026379 0.6799148936170213 0.0369904076738608 0.1334893617021277
0 0.15213429256594724 0.6788510638297872 0.03579136690647471 0.11859574468085109
0 0.32717026378896885 0.8320000000000001 0.03821342925659459 0.1397659574468084
0 0.2864148681055156 0.830936170212766 0.03821342925659459 0.13340425531914904
0 0.2444484412470024 0.8171276595744681 0.040599520383692925 0.13127659574468095
0 0.20547961630695444 0.8117872340425533 0.0369904076738608 0.13340425531914904
0 0.06880095923261391 0.8107021276595744 0.041774580335731316 0.14829787234042563
0 0.7509952038369305 0.8320000000000001 0.03229016786570751 0.13123404255319138
0 0.8241366906474821 0.15348936170212765 0.037098321342925726 0.11889361702127658
0 0.4542685851318945 0.6724468085106383 0.05028776978417273 0.1314255319148936
0 0.6538369304556354 0.4746808510638298 0.08495203836930451 0.0633829787234043