0 0.22774231678486997 0.1536764705882353 0.03893617021276596 0.11739495798319327
0 0.27382978723404255 0.15575630252100842 0.03419621749408984 0.12159663865546218
0 0.3435697399527187 0.15890756302521009 0.03182033096926709 0.12789915966386553
0 0.3849408983451537 0.15575630252100842 0.03417257683215126 0.12579831932773108
0 0.4304373522458629 0.16100840336134453 0.03299054373522455 0.11949579831932772
0 0.4783096926713948 0.1599579831932773 0.034160756501182006 0.12579831932773108
0 0.5149527186761229 0.17046218487394957 0.03179669030732858 0.12579831932773108
0 0.5870449172576832 0.15993697478991595 0.036513002364066245 0.1342016806722689
0 0.6384633569739953 0.15678571428571428 0.030591016548463485 0.13210084033613445
0 0.6821985815602837 0.15258403361344536 0.03294326241134739 0.14050420168067226
0 0.7678841607565011 0.13367647058823529 0.04120567375886513 0.13632352941176468
0 0.8092553191489361 0.12737394957983195 0.03646572104018902 0.14472689075630252
0 0.8529787234042553 0.1420798319327731 0.029373522458628735 0.12792016806722686
0 0.8919858156028369 0.13684873949579832 0.03408983451536633 0.12161764705882354
0 0.9315839243498818 0.1190126050420168 0.04236406619385333 0.1363235294117647
0 0.18282505910165484 0.37840336134453784 0.08385342789598109 0.06684873949579831
0 0.39321513002364067 0.35002100840336137 0.038900709219858116 0.13197478991596637
0 0.4298463356973995 0.3521218487394958 0.03417257683215126 0.12777310924369747
0 0.4718085106382978 0.33741596638655463 0.03534278959810872 0.12359243697478989
0 0.5114066193853427 0.34897058823529414 0.034160756501182006 0.12987394957983192
0 0.5965011820330969 0.35 0.041229314420803846 0.1361764705882353
0 0.6426004728132387 0.3468697478991597 0.038865248226950484 0.12569327731092433
0 0.6821985815602837 0.33319327731092435 0.03767139479905424 0.12779411764705878
0 0.7282860520094563 0.33321428571428574 0.03057919621749396 0.12779411764705878
0 0.7667021276595745 0.32481092436974796 0.03411347517730485 0.12359243697478989
0 0.8080732860520095 0.3311134453781513 0.03882978723404244 0.13201680672268912
0 0.8488416075650118 0.33319327731092435 0.04237588652482259 0.12361344537815121
0 0.979420803782506 0.30907563025210083 0.03643026004728125 0.12151260504201684
0 0.17986997635933805 0.6818697478991597 0.033026004728132385 0.12338235294117651
0 0.1804609929078014 0.8204831932773109 0.0342080378250591 0.12329831932773097
0 0.2614302600472813 0.6797689075630252 0.035378250591016555 0.13598739495798323
0 0.34593380614657215 0.6944537815126051 0.03418439716312052 0.11077731092436979
0 0.3039716312056738 0.8320168067226891 0.03300236406619384 0.12960084033613434
0 0.39321513002364067 0.6881512605042017 0.03653664302600469 0.1191806722689076
0 0.4328014184397163 0.6923529411764706 0.028262411347517693 0.11077731092436979
0 0.34593380614657215 0.8225840336134455 0.03182033096926709 0.12329831932773097
0 0.38848699763593386 0.8194117647058824 0.038900709219858116 0.13380252100840323
0 0.4310283687943262 0.8236344537815127 0.03653664302600469 0.12539915966386542
0 0.5137706855791961 0.6629621848739495 0.03414893617021275 0.13598739495798323
0 0.5965011820330969 0.6755672268907563 0.03650118203309699 0.13598739495798323
0 0.5137706855791961 0.8110294117647059 0.036513002364066176 0.12539915966386542
0 0.5545390070921986 0.8120798319327731 0.04478723404255318 0.1401050420168066
0 0.6420094562647753 0.689201680672269 0.0400472813238772 0.12128151260504205
0 0.6786524822695035 0.685 0.03767139479905424 0.12130252100840339
0 0.7200118203309692 0.6776470588235294 0.03530732860520082 0.12760504201680675
0 0.7649290780141844 0.6597899159663866 0.03293144208037813 0.1339075630252101
0 0.8009810874704492 0.6524579831932773 0.03646572104018902 0.13180672268907564
0 0.8500236406619386 0.6702941176470588 0.0352836879432623 0.11710084033613448
0 0.6786524822695035 0.8047058823529413 0.03767139479905424 0.13800420168067215
0 0.7176477541371158 0.8204621848739496 0.03767139479905424 0.13172268907563034
0 0.7590189125295508 0.806827731092437 0.04002364066193841 0.1296218487394959
0 0.7974349881796691 0.8015546218487395 0.03646572104018902 0.13172268907563034
0 0.9357210401891253 0.7878781512605041 0.04118203309692662 0.14642857142857152
0 0.2596572104018912 0.8278151260504202 0.031832151300236415 0.129579831932773
0 0.18518912529550827 0.15785714285714286 0.036572104018912525 0.11739495798319327
0 0.5521749408983452 0.6639705882352941 0.049574468085106446 0.12976890756302517
0 0.3258983451536643 0.46974789915966386 0.06719858156028372 0.11506302521008399