0 0.7533770883054893 0.14014830508474577 0.03930787589498813 0.11838983050847457
0 0.7080429594272076 0.1422457627118644 0.03452267303102633 0.12262711864406779
0 0.6388305489260142 0.14966101694915254 0.03212410501193326 0.12898305084745762
0 0.6006443914081145 0.14436440677966103 0.03449880668257753 0.12686440677966102
0 0.5582935560859189 0.1644915254237288 0.03330548926014316 0.12050847457627117
0 0.509964200477327 0.1613135593220339 0.034486873508353194 0.12686440677966102
0 0.474164677804296 0.17190677966101695 0.03210023866348446 0.12686440677966102
0 0.39899761336515516 0.16764830508474576 0.036861575178997734 0.13533898305084746
0 0.35066825775656324 0.16870762711864407 0.030883054892601562 0.13322033898305083
0 0.30651551312649167 0.15387711864406778 0.03325775656324569 0.14169491525423727
0 0.21643198090692126 0.15387711864406778 0.04159904534606193 0.137478813559322
0 0.17466587112171839 0.15175847457627117 0.03681384248210013 0.14595338983050846
0 0.1352983293556086 0.16235169491525422 0.029653937947493925 0.12900423728813556
0 0.09472553699284009 0.1591949152542373 0.03441527446300706 0.12264830508474579
0 0.05952267303102625 0.1411864406779661 0.04276849642004763 0.13747881355932207
0 0.8058830548926015 0.36042372881355933 0.0846539379474941 0.06741525423728813
0 0.5970644391408114 0.35086864406779666 0.039272076372315 0.13309322033898305
0 0.5624701670644392 0.34875 0.03449880668257753 0.1288559322033898
0 0.5177207637231503 0.35086864406779666 0.035680190930787566 0.12463983050847455
0 0.4729713603818616 0.3604025423728814 0.034486873508353194 0.13097457627118642
0 0.3906443914081146 0.3593220338983051 0.04162291169451087 0.13733050847457626
0 0.34887828162291173 0.3646186440677966 0.039236276849642135 0.12675847457627115
0 0.30651551312649167 0.3572033898305085 0.038031026252983165 0.12887711864406776
0 0.2671479713603819 0.32968220338983056 0.030871121718376957 0.12887711864406776
0 0.22120525059665871 0.3466313559322034 0.03443914081145573 0.12463983050847455
0 0.18421241050119333 0.338156779661017 0.039200477326968866 0.13313559322033905
0 0.1418615751789976 0.3466101694915254 0.04278042959427197 0.12466101694915249
0 0.015513126491646777 0.3559322033898305 0.031026252983293555 0.1228813559322034
0 0.817219570405728 0.6706991525423729 0.033341288782816295 0.12442796610169496
0 0.8213961813842483 0.80625 0.03453460620525066 0.12434322033898293
0 0.7348806682577567 0.6622245762711865 0.035715990453460696 0.1371398305084746
0 0.6519570405727922 0.6855084745762712 0.034510739856801996 0.11171610169491529
0 0.6955131264916466 0.8284745762711865 0.03331742243436763 0.13069915254237274
0 0.605417661097852 0.6876271186440678 0.036885441527446265 0.12019067796610174
0 0.565453460620525 0.691864406779661 0.02853221957040569 0.11171610169491529
0 0.6531503579952266 0.8126059322033898 0.03212410501193326 0.12434322033898293
0 0.6113842482100238 0.8200000000000001 0.03927207637231493 0.13493644067796598
0 0.5672434367541767 0.8242584745762712 0.036885441527446265 0.12646186440677953
0 0.4837112171837709 0.6622245762711865 0.03447494033412886 0.1371398305084746
0 0.4001909307875895 0.6791737288135593 0.0368496420047734 0.1371398305084746
0 0.4837112171837709 0.8242584745762712 0.036861575178997595 0.12646186440677953
0 0.44374701670644395 0.8210805084745763 0.04521479713603817 0.1412923728813558
0 0.35424821002386636 0.6886864406779661 0.0404295942720765 0.12230932203389834
0 0.317255369928401 0.6844491525423729 0.038031026252983165 0.12233050847457629
0 0.27550119331742245 0.6770338983050848 0.03564439140811443 0.1286864406779661
0 0.23552505966587112 0.6653813559322034 0.029665871121718257 0.13504237288135595
0 0.19375894988066827 0.670677966101695 0.03681384248210013 0.13292372881355935
0 0.1490214797136038 0.6886652542372882 0.035620525059665765 0.11809322033898308
0 0.3208353221957041 0.8305932203389831 0.038031026252983165 0.1391737288135592
0 0.2778878281622912 0.8210593220338983 0.038031026252983165 0.13283898305084754
0 0.2361217183770883 0.8073093220338984 0.040405727923627566 0.13072033898305094
0 0.1997255369928401 0.8189406779661017 0.03681384248210013 0.13283898305084754
0 0.06727923627684963 0.8220974576271186 0.04157517899761327 0.14766949152542383
0 0.7402505966587113 0.8221186440677967 0.032136038186157595 0.1306779661016948
0 0.7999164677804297 0.13588983050847459 0.036921241050119395 0.11838983050847457
0 0.4759665871121719 0.5054872881355932 0.07152744630071606 0.07368644067796616