0 0.7668192488262912 0.16072916666666667 0.03866197183098598 0.11641666666666665
0 0.7234037558685447 0.158625 0.03395539906103294 0.12058333333333332
0 0.6541549295774647 0.16175 0.03159624413145549 0.12683333333333333
0 0.6130751173708919 0.158625 0.03393192488262901 0.12474999999999999
0 0.5678990610328639 0.16383333333333333 0.03275821596244128 0.1185
0 0.5203638497652583 0.16279166666666667 0.0339201877934272 0.12474999999999999
0 0.48397887323943667 0.17320833333333333 0.03157276995305162 0.12474999999999999
0 0.41826291079812206 0.15027083333333333 0.036255868544600924 0.13308333333333333
0 0.3660328638497653 0.14506249999999998 0.03037558685446022 0.13099999999999998
0 0.3202582159624413 0.14297916666666666 0.03271126760563368 0.13933333333333334
0 0.2328286384976526 0.13672916666666665 0.04091549295774636 0.13518749999999996
0 0.1917488262910798 0.12422916666666667 0.03620892018779332 0.14352083333333335
0 0.14833333333333332 0.14506249999999998 0.02916666666666656 0.12685416666666663
0 0.10960093896713614 0.139875 0.03384976525821587 0.12060416666666669
0 0.07028169014084507 0.12218749999999999 0.04206572769953042 0.1351875
0 0.8137676056338029 0.3794166666666667 0.08326291079812213 0.06629166666666665
0 0.6048591549295773 0.35127083333333337 0.03862676056338018 0.130875
0 0.5684859154929578 0.3533541666666667 0.03393192488262907 0.1267083333333333
0 0.526819248826291 0.33877083333333335 0.035093896713615 0.12256249999999996
0 0.48750000000000004 0.3502291666666667 0.0339201877934272 0.12879166666666667
0 0.40300469483568074 0.35125 0.04093896713615036 0.13504166666666664
0 0.3572300469483568 0.3481458333333334 0.038591549295774775 0.1246458333333333
0 0.31791079812206574 0.32625 0.03740610328638485 0.12672916666666664
0 0.2721478873239437 0.3346041666666667 0.030363849765258088 0.12672916666666664
0 0.23400234741784037 0.32627083333333334 0.0338732394366196 0.12256249999999996
0 0.1917488262910798 0.3158541666666667 0.03855633802816891 0.13091666666666674
0 0.1547887323943662 0.3096041666666667 0.04207746478873229 0.1225833333333334
0 0.022781690140845034 0.3106666666666667 0.03617370892018772 0.12050000000000007
0 0.8167018779342724 0.6803541666666667 0.03279342723004701 0.12235416666666671
0 0.8172887323943663 0.8261458333333334 0.033967136150234806 0.1222708333333332
0 0.7357159624413147 0.6782708333333333 0.03512910798122073 0.1348541666666667
0 0.6518075117370891 0.6928333333333333 0.033943661971831074 0.10985416666666671
0 0.6934741784037558 0.82925 0.03276995305164328 0.12852083333333322
0 0.6048591549295773 0.6865833333333333 0.03627934272300459 0.11818750000000004
0 0.5655516431924883 0.69075 0.028063380281690104 0.10985416666666671
0 0.6518075117370891 0.8198958333333334 0.03159624413145549 0.1222708333333332
0 0.6095539906103286 0.8167500000000001 0.03862676056338018 0.13268749999999987
0 0.5673122065727699 0.8209375 0.036279342723004655 0.12435416666666654
0 0.4851525821596244 0.6616041666666667 0.03390845070422534 0.1348541666666667
0 0.40300469483568074 0.6741041666666666 0.03624413145539919 0.1348541666666667
0 0.48632629107981223 0.8126041666666667 0.036255868544600924 0.12435416666666654
0 0.44467136150234743 0.8094791666666666 0.04447183098591548 0.13893749999999988
0 0.35781690140845074 0.687625 0.03976525821596257 0.12027083333333337
0 0.3214319248826291 0.6834583333333334 0.03740610328638485 0.12029166666666669
0 0.2780164319248826 0.6511875 0.03505868544600926 0.1265416666666667
0 0.23576291079812206 0.6584583333333334 0.032699530516431805 0.1327916666666667
0 0.1917488262910798 0.6574375 0.03620892018779332 0.13070833333333334
0 0.14657276995305163 0.6667916666666667 0.035035211267605525 0.11612500000000002
0 0.3214319248826291 0.8021666666666667 0.03740610328638485 0.13685416666666655
0 0.27449530516431925 0.8052916666666667 0.03740610328638485 0.1306250000000001
0 0.23576291079812206 0.7938541666666666 0.03974178403755857 0.12854166666666675
0 0.1940962441314554 0.7990416666666668 0.03620892018779332 0.1306250000000001
0 0.06265258215962441 0.7875624999999999 0.04089201877934263 0.14520833333333344
0 0.7374765258215963 0.8250833333333334 0.031607981220657354 0.1284999999999999
0 0.8114201877934273 0.16070833333333334 0.03631455399061039 0.11641666666666665
0 0.447018779342723 0.6626041666666667 0.04922535211267612 0.12868749999999995
0 0.6611384976525821 0.5033125 0.05264084507042243 0.1307708333333333