0 0.760437352245863 0.15157563025210086 0.03893617021276602 0.11739495798319327
0 0.7143498817966903 0.14945378151260505 0.03419621749408991 0.12159663865546218
0 0.6434278959810874 0.15680672268907564 0.03182033096926722 0.12789915966386553
0 0.6056028368794325 0.15575630252100842 0.0341725768321512 0.12579831932773108
0 0.566016548463357 0.16100840336134453 0.03299054373522455 0.11949579831932772
0 0.5157801418439717 0.16626050420168068 0.034160756501182006 0.12579831932773108
0 0.4791371158392435 0.1746638655462185 0.03179669030732858 0.12579831932773108
0 0.4117730496453901 0.15993697478991595 0.036513002364066315 0.1342016806722689
0 0.36035460992907803 0.15678571428571428 0.030591016548463485 0.13210084033613445
0 0.3142553191489362 0.15468487394957983 0.03294326241134739 0.14050420168067226
0 0.2297517730496454 0.1420798319327731 0.04120567375886513 0.13632352941176468
0 0.18365248226950356 0.1378781512605042 0.03646572104018902 0.1447268907563025
0 0.14465721040189125 0.15678571428571428 0.029373522458628735 0.12792016806722686
0 0.10565011820330969 0.1515546218487395 0.03408983451536633 0.12161764705882357
0 0.06368794326241134 0.13789915966386554 0.04236406619385333 0.13632352941176473
0 0.8124468085106383 0.37210084033613444 0.08385342789598116 0.06684873949579831
0 0.6020567375886524 0.3521218487394958 0.038900709219858116 0.13197478991596637
0 0.5689716312056737 0.3521218487394958 0.03417257683215126 0.12777310924369747
0 0.5222813238770686 0.343718487394958 0.03534278959810872 0.12359243697478989
0 0.4779550827423168 0.3552731092436975 0.034160756501182006 0.12987394957983192
0 0.3928605200945627 0.3626050420168067 0.04122931442080391 0.1361764705882353
0 0.3538534278959811 0.34897058823529414 0.038865248226950484 0.12569327731092433
0 0.31189125295508274 0.35 0.03767139479905424 0.12779411764705878
0 0.27053191489361705 0.33321428571428574 0.03057919621749396 0.12779411764705878
0 0.22738770685579196 0.3395168067226891 0.03411347517730485 0.12359243697478989
0 0.19074468085106383 0.3311134453781513 0.03882978723404244 0.13201680672268915
0 0.14997635933806147 0.33319327731092435 0.04237588652482259 0.12361344537815121
0 0.02057919621749405 0.3321638655462185 0.03643026004728125 0.12151260504201687
0 0.8154018912529551 0.6713655462184874 0.033026004728132455 0.12338235294117651
0 0.8195390070921986 0.8141806722689076 0.034208037825059164 0.12329831932773097
0 0.7338416075650118 0.6629621848739495 0.035378250591016625 0.13598739495798323
0 0.6517021276595744 0.6860504201680673 0.034184397163120654 0.11077731092436979
0 0.6948463356973994 0.8278151260504202 0.03300236406619394 0.12960084033613434
0 0.6056028368794325 0.6881512605042017 0.03653664302600462 0.1191806722689076
0 0.566016548463357 0.6923529411764706 0.028262411347517693 0.11077731092436979
0 0.6528841607565011 0.8120798319327731 0.03182033096926722 0.12329831932773097
0 0.6115130023640661 0.8194117647058824 0.038900709219858054 0.13380252100840323
0 0.5677895981087471 0.8236344537815127 0.03653664302600469 0.12539915966386542
0 0.4850472813238771 0.6629621848739495 0.03414893617021275 0.13598739495798323
0 0.40231678486997635 0.6797689075630252 0.03650118203309705 0.13598739495798323
0 0.4850472813238771 0.8110294117647059 0.036513002364066176 0.12539915966386542
0 0.44427895981087473 0.8120798319327731 0.04478723404255318 0.1401050420168066
0 0.3568085106382979 0.689201680672269 0.0400472813238772 0.12128151260504205
0 0.32016548463356975 0.685 0.03767139479905424 0.12130252100840339
0 0.278806146572104 0.6776470588235294 0.03530732860520082 0.12760504201680675
0 0.2338888888888889 0.6597899159663866 0.03293144208037813 0.1339075630252101
0 0.19429078014184398 0.671344537815126 0.03646572104018902 0.13180672268907564
0 0.14879432624113476 0.6702941176470588 0.0352836879432623 0.11710084033613448
0 0.32134751773049647 0.8215126050420168 0.03767139479905424 0.13800420168067215
0 0.28117021276595744 0.8204621848739496 0.03767139479905424 0.13172268907563034
0 0.23979905437352247 0.806827731092437 0.04002364066193841 0.1296218487394959
0 0.20138297872340427 0.8015546218487395 0.03646572104018902 0.13172268907563034
0 0.06664302600472813 0.8004831932773109 0.04118203309692662 0.14642857142857152
0 0.7391607565011821 0.8215126050420168 0.031832151300236484 0.129579831932773
0 0.8089007092198582 0.1515546218487395 0.036572104018912595 0.11739495798319327
0 0.44664302600472816 0.6639705882352941 0.049574468085106446 0.12976890756302517
0 0.4838416075650118 0.4918067226890756 0.08374704491725771 0.06258403361344542