0 0.23483451536643024 0.15157563025210086 0.03893617021276596 0.11739495798319327
0 0.27973995271867613 0.15365546218487394 0.03419621749408984 0.12159663865546218
0 0.3530260047281324 0.15680672268907564 0.03182033096926709 0.12789915966386553
0 0.3967612293144208 0.15365546218487394 0.03417257683215126 0.12579831932773108
0 0.4363475177304964 0.15890756302521009 0.03299054373522455 0.11949579831932772
0 0.4865839243498818 0.16415966386554623 0.034160756501182006 0.12579831932773108
0 0.5232269503546099 0.17256302521008404 0.03179669030732858 0.12579831932773108
0 0.5905910165484634 0.1578361344537815 0.036513002364066245 0.1342016806722689
0 0.6420094562647753 0.15468487394957983 0.030591016548463485 0.13210084033613445
0 0.6881087470449172 0.15258403361344536 0.03294326241134739 0.14050420168067226
0 0.772612293144208 0.13997899159663865 0.04120567375886513 0.13632352941176468
0 0.8187115839243498 0.13577731092436973 0.03646572104018902 0.1447268907563025
0 0.8577068557919622 0.15468487394957983 0.029373522458628735 0.12792016806722686
0 0.8967139479905437 0.14945378151260505 0.03408983451536633 0.12161764705882354
0 0.9386761229314421 0.1357983193277311 0.04236406619385333 0.13632352941176473
0 0.18637115839243498 0.3763025210084034 0.08385342789598109 0.06684873949579831
0 0.40030732860520096 0.35002100840336137 0.038900709219858116 0.13197478991596637
0 0.43339243498817964 0.35002100840336137 0.03417257683215126 0.12777310924369747
0 0.4800827423167848 0.3416176470588236 0.03534278959810872 0.12359243697478989
0 0.5244089834515366 0.35317226890756304 0.034160756501182006 0.12987394957983192
0 0.6047754137115839 0.3584033613445378 0.041229314420803846 0.1361764705882353
0 0.6461465721040189 0.34476890756302525 0.038865248226950484 0.12569327731092433
0 0.6857446808510638 0.3310924369747899 0.03767139479905424 0.12779411764705878
0 0.7318321513002364 0.3311134453781513 0.03057919621749396 0.12779411764705878
0 0.7749763593380614 0.33741596638655463 0.03411347517730485 0.12359243697478989
0 0.8116193853427895 0.32901260504201685 0.03882978723404244 0.13201680672268912
0 0.852387706855792 0.3310924369747899 0.04237588652482259 0.12361344537815121
0 0.9817848699763594 0.33006302521008407 0.03643026004728125 0.12151260504201687
0 0.1834160756501182 0.6797689075630252 0.033026004728132385 0.12338235294117651
0 0.18282505910165484 0.8120798319327731 0.0342080378250591 0.12329831932773097
0 0.2685224586288416 0.6608613445378151 0.035378250591016555 0.13598739495798323
0 0.350661938534279 0.6839495798319328 0.03418439716312052 0.11077731092436979
0 0.3075177304964539 0.8257142857142857 0.03300236406619384 0.12960084033613434
0 0.3967612293144208 0.6860504201680673 0.03653664302600469 0.1191806722689076
0 0.4363475177304964 0.6902521008403362 0.028262411347517693 0.11077731092436979
0 0.3494799054373523 0.8099789915966387 0.03182033096926709 0.12329831932773097
0 0.39085106382978724 0.817310924369748 0.038900709219858116 0.13380252100840323
0 0.43457446808510636 0.8215336134453782 0.03653664302600469 0.12539915966386542
0 0.5173167848699763 0.6608613445378151 0.03414893617021275 0.13598739495798323
0 0.6000472813238771 0.6776680672268908 0.03650118203309699 0.13598739495798323
0 0.5173167848699763 0.8089285714285714 0.036513002364066176 0.12539915966386542
0 0.5580851063829787 0.8099789915966387 0.04478723404255318 0.1401050420168066
0 0.6455555555555555 0.6871008403361345 0.0400472813238772 0.12128151260504205
0 0.6821985815602837 0.6828991596638655 0.03767139479905424 0.12130252100840339
0 0.7235579196217494 0.6755462184873949 0.03530732860520082 0.12760504201680675
0 0.7684751773049645 0.6576890756302521 0.03293144208037813 0.1339075630252101
0 0.8080732860520095 0.6692436974789916 0.03646572104018902 0.13180672268907564
0 0.8535697399527187 0.6681932773109244 0.0352836879432623 0.11710084033613448
0 0.6810165484633569 0.8194117647058824 0.03767139479905424 0.13800420168067215
0 0.721193853427896 0.8183613445378152 0.03767139479905424 0.13172268907563034
0 0.762565011820331 0.8047268907563025 0.04002364066193841 0.1296218487394959
0 0.8009810874704492 0.799453781512605 0.03646572104018902 0.13172268907563034
0 0.9357210401891253 0.7983823529411764 0.04118203309692662 0.14642857142857152
0 0.26320330969267136 0.8194117647058824 0.031832151300236415 0.129579831932773
0 0.19109929078014182 0.14945378151260505 0.036572104018912525 0.11739495798319327
0 0.5557210401891253 0.6618697478991596 0.049574468085106446 0.12976890756302517
0 0.3211702127659574 0.475 0.08374704491725771 0.06258403361344542