0 0.751 0.15268240343347642 0.039686746987951875 0.11991416309012874
0 0.7076385542168675 0.14836909871244636 0.034855421686747066 0.12420600858369098
0 0.6353493975903614 0.15587982832618025 0.032433734939759123 0.13064377682403433
0 0.5967951807228915 0.1548068669527897 0.03483132530120478 0.1284978540772532
0 0.5564457831325301 0.16017167381974248 0.03362650602409635 0.12206008583690986
0 0.500421686746988 0.16553648068669527 0.03481927710843371 0.1284978540772532
0 0.464277108433735 0.17626609442060087 0.03240963855421684 0.1284978540772532
0 0.3992289156626506 0.1590772532188841 0.037216867469879636 0.13708154506437767
0 0.34681927710843374 0.15585836909871242 0.031180722891566398 0.13493562231759657
0 0.2950120481927711 0.15800429184549356 0.033578313253011915 0.143519313304721
0 0.21249397590361446 0.15156652360515022 0.04199999999999988 0.13924892703862657
0 0.16671084337349398 0.14083690987124461 0.03716867469879507 0.14783261802575104
0 0.12696385542168673 0.15585836909871242 0.02993975903614447 0.13066523605150213
0 0.08720481927710842 0.15051502145922746 0.03474698795180713 0.12422746781115883
0 0.045638554216867466 0.14515021459227467 0.043180722891566166 0.13924892703862665
0 0.8040120481927712 0.36935622317596567 0.08546987951807236 0.06828326180257509
0 0.5883614457831325 0.35753218884120175 0.03965060240963852 0.13480686695278968
0 0.5534337349397591 0.35538626609442064 0.03483132530120478 0.13051502145922744
0 0.5118674698795181 0.3468025751072962 0.03602409638554214 0.126244635193133
0 0.4666867469879518 0.3586051502145923 0.03481927710843371 0.13266094420600857
0 0.3799518072289157 0.36609442060085834 0.0420240963855423 0.1390987124463519
0 0.3401927710843374 0.35216738197424896 0.03961445783132543 0.12839055793991414
0 0.297421686746988 0.35321888412017166 0.03839759036144565 0.13053648068669524
0 0.25526506024096385 0.3360729613733906 0.03116867469879505 0.13053648068669524
0 0.21128915662650602 0.3425107296137339 0.034771084337349274 0.126244635193133
0 0.1739397590361446 0.3339270386266095 0.03957831325301194 0.13484978540772538
0 0.13238554216867468 0.3360515021459227 0.043192771084337236 0.1262660944206008
0 0.008433734939759036 0.34334763948497854 0.016867469879518072 0.12446351931330472
0 0.8106385542168675 0.681480686695279 0.03366265060240971 0.126030042918455
0 0.8148554216867471 0.8187768240343348 0.03486746987951814 0.12594420600858355
0 0.7275060240963855 0.6728969957081545 0.036060240963855496 0.13890557939914167
0 0.6437831325301204 0.696480686695279 0.03484337349397599 0.11315450643776828
0 0.6877590361445782 0.8412875536480687 0.03363855421686756 0.13238197424892692
0 0.5967951807228915 0.6986266094420601 0.037240963855421645 0.12173819742489274
0 0.5564457831325301 0.7029184549356223 0.028807228915662612 0.11315450643776828
0 0.6449879518072288 0.8252145922746781 0.032433734939759123 0.12594420600858355
0 0.6028192771084337 0.8327038626609442 0.03965060240963852 0.13667381974248916
0 0.5582530120481928 0.8370171673819743 0.037240963855421645 0.12809012875536469
0 0.4739156626506024 0.6728969957081545 0.03480722891566263 0.13890557939914167
0 0.38959036144578313 0.6900643776824035 0.037204819277108565 0.13890557939914167
0 0.4739156626506024 0.8241416309012876 0.037216867469879504 0.12809012875536469
0 0.43236144578313257 0.8252145922746781 0.04565060240963854 0.1431115879828325
0 0.34320481927710844 0.6996995708154506 0.04081927710843387 0.12388412017167386
0 0.305855421686747 0.6954077253218884 0.03839759036144565 0.12390557939914165
0 0.2636987951807229 0.6878969957081545 0.03598795180722878 0.130343347639485
0 0.22333734939759037 0.6760944206008583 0.029951807228915543 0.13678111587982836
0 0.17875903614457833 0.67931330472103 0.03716867469879507 0.13463519313304723
0 0.13599999999999998 0.6996781115879829 0.03596385542168664 0.11961373390557942
0 0.3094698795180723 0.8434334763948498 0.03839759036144565 0.14096566523605136
0 0.26610843373493975 0.8337768240343348 0.03839759036144565 0.13454935622317607
0 0.22393975903614458 0.8198497854077254 0.04079518072289145 0.13240343347639494
0 0.18719277108433735 0.8316309012875537 0.03716867469879507 0.13454935622317607
0 0.053469879518072284 0.8348283261802575 0.04197590361445773 0.14957081545064388
0 0.7329277108433735 0.8348497854077254 0.032445783132530194 0.13236051502145912
0 0.8003975903614459 0.15051502145922746 0.037277108433735 0.11991416309012874
0 0.4347710843373494 0.6739270386266095 0.05053012048192777 0.13255364806866948
0 0.06792771084337348 0.49592274678111586 0.08293975903614448 0.07251072961373395