0 0.8193405275779377 0.17370212765957446 0.034700239808153545 0.11251063829787233
0 0.7737769784172662 0.17902127659574468 0.03949640287769791 0.11889361702127658
0 0.7270263788968825 0.16838297872340427 0.034688249400479695 0.12314893617021276
0 0.656282973621103 0.17157446808510637 0.03227817745803366 0.129531914893617
0 0.6119184652278177 0.17051063829787233 0.03466426858513186 0.12740425531914892
0 0.5705635491606715 0.16944680851063829 0.03346522781774577 0.12102127659574467
0 0.5196043165467626 0.16625531914893618 0.03465227817745801 0.12740425531914892
0 0.4824340527577938 0.16625531914893618 0.03225419664268583 0.12740425531914892
0 0.41290167865707433 0.15348936170212765 0.03703836930455634 0.13591489361702128
0 0.36434052757793767 0.1545531914893617 0.03103117505995217 0.1337872340425532
0 0.3151798561151079 0.1396595744680851 0.03341726618705023 0.1422978723404255
0 0.22706235011990408 0.13114893617021275 0.041798561151079015 0.13806382978723408
0 0.1850959232613909 0.12263829787234043 0.0369904076738608 0.1465744680851064
0 0.14314148681055155 0.13114893617021275 0.029796163069544256 0.12955319148936173
0 0.10477218225419664 0.12585106382978722 0.03458033573141477 0.12317021276595745
0 0.06340527577937649 0.11202127659574468 0.04297362110311741 0.13806382978723405
0 0.8193405275779377 0.40661702127659577 0.08505995203836937 0.06770212765957445
0 0.656282973621103 0.4289148936170213 0.034676258992805846 0.1378510638297873
0 0.6083213429256594 0.36300000000000004 0.03946043165467622 0.1336595744680851
0 0.5711630695443646 0.35874468085106387 0.03466426858513186 0.12940425531914893
0 0.5273980815347722 0.3523617021276596 0.0358513189448441 0.1251702127659574
0 0.4812350119904077 0.3576808510638298 0.03465227817745801 0.131531914893617
0 0.3961151079136691 0.35874468085106387 0.04182254196642699 0.13791489361702125
0 0.355347721822542 0.3491702127659575 0.03942446043165481 0.1272978723404255
0 0.31038369304556357 0.3395957446808511 0.03821342925659459 0.1294255319148936
0 0.2708273381294964 0.32685106382978724 0.031019184652278046 0.1294255319148936
0 0.22826139088729017 0.3289787234042553 0.03460431654676247 0.1251702127659574
0 0.18749400479616307 0.3140851063829787 0.039388489208632985 0.13370212765957454
0 0.1437410071942446 0.3140851063829787 0.042985611510791256 0.12519148936170219
0 0.013788968824940047 0.30851063829787234 0.027577937649880094 0.12340425531914893
0 0.8163429256594724 0.7139574468085107 0.033501199040767454 0.12495744680851067
0 0.8121462829736211 0.8458297872340426 0.034700239808153545 0.12487234042553179
0 0.7324100719424461 0.696936170212766 0.035887290167865786 0.13772340425531918
0 0.6502877697841726 0.7075744680851064 0.034676258992805846 0.11219148936170216
0 0.6880575539568344 0.855404255319149 0.03347721822541975 0.13125531914893604
0 0.6011270983213429 0.7011914893617022 0.03706235011990404 0.12070212765957451
0 0.5609712230215828 0.7054468085106383 0.0286690647482014 0.11219148936170216
0 0.6466906474820143 0.8373404255319149 0.03227817745803366 0.12487234042553179
0 0.5999280575539568 0.8426382978723405 0.03946043165467622 0.13551063829787222
0 0.5567745803357315 0.838404255319149 0.03706235011990404 0.12699999999999986
0 0.4788369304556355 0.6756808510638298 0.03464028776978416 0.13772340425531918
0 0.43628297362110313 0.6831276595744681 0.03344124700239807 0.13985106382978726
0 0.3925179856115108 0.6884468085106383 0.03702637889688262 0.13772340425531918
0 0.47404076738609113 0.8362765957446808 0.03703836930455634 0.12699999999999986
0 0.4326858513189449 0.8203191489361702 0.045431654676258974 0.14189361702127648
0 0.34875299760191847 0.6937659574468085 0.0406235011990409 0.12282978723404259
0 0.3091846522781775 0.6809999999999999 0.03821342925659459 0.12285106382978725
0 0.26603117505995205 0.6692978723404255 0.03581534772182241 0.1292340425531915
0 0.22706235011990408 0.6490851063829787 0.029808153477218106 0.13561702127659575
0 0.18149880095923263 0.6607872340425531 0.0369904076738608 0.1334893617021277
0 0.13654676258992804 0.6724893617021277 0.03579136690647471 0.11859574468085109
0 0.3067865707434053 0.8235106382978724 0.03821342925659459 0.1397659574468084
0 0.2636330935251799 0.8181914893617022 0.03821342925659459 0.13340425531914904
0 0.22166666666666668 0.8064893617021277 0.040599520383692925 0.13127659574468095
0 0.17910071942446043 0.8096808510638298 0.0369904076738608 0.13340425531914904
0 0.047218225419664264 0.7979787234042554 0.041774580335731316 0.14829787234042563
0 0.7182254196642686 0.9595744680851064 0.05995203836930456 0.08085106382978724