0 0.7533770883054893 0.15921610169491526 0.03930787589498813 0.11838983050847457
0 0.7080429594272076 0.15495762711864408 0.03452267303102633 0.12262711864406779
0 0.6388305489260142 0.1623728813559322 0.03212410501193326 0.12898305084745762
0 0.6006443914081145 0.1613135593220339 0.03449880668257753 0.12686440677966102
0 0.5535202863961814 0.17508474576271185 0.03330548926014316 0.12050847457627117
0 0.5051909307875895 0.17190677966101695 0.034486873508353194 0.12686440677966102
0 0.4693914081145585 0.1825 0.03210023866348446 0.12686440677966102
0 0.4013842482100239 0.17400423728813558 0.036861575178997734 0.13533898305084746
0 0.3458949880668258 0.17294491525423727 0.030883054892601562 0.13322033898305083
0 0.3017422434367542 0.16447033898305083 0.03325775656324569 0.14169491525423727
0 0.22001193317422435 0.15811440677966102 0.04159904534606193 0.137478813559322
0 0.17466587112171839 0.14752118644067796 0.03681384248210013 0.14595338983050846
0 0.1352983293556086 0.16235169491525422 0.029653937947493925 0.12900423728813556
0 0.09591885441527445 0.15707627118644069 0.03441527446300706 0.12264830508474579
0 0.05474940334128878 0.15177966101694915 0.04276849642004763 0.13747881355932207
0 0.801109785202864 0.3710169491525424 0.0846539379474941 0.06741525423728813
0 0.592291169451074 0.3614618644067797 0.039272076372315 0.13309322033898305
0 0.5576968973747017 0.3593432203389831 0.03449880668257753 0.1288559322033898
0 0.5129474940334129 0.3614618644067797 0.035680190930787566 0.12463983050847455
0 0.46819809069212415 0.37099576271186446 0.034486873508353194 0.13097457627118642
0 0.3858711217183771 0.3699152542372881 0.04162291169451087 0.13733050847457626
0 0.34649164677804295 0.3561652542372882 0.039236276849642135 0.12675847457627115
0 0.30412887828162294 0.3572033898305085 0.038031026252983165 0.12887711864406776
0 0.2623747016706444 0.3402754237288136 0.030871121718376957 0.12887711864406776
0 0.21881861575178999 0.3466313559322034 0.03443914081145573 0.12463983050847455
0 0.1818257756563246 0.338156779661017 0.039200477326968866 0.13313559322033905
0 0.14066825775656325 0.3402542372881356 0.04278042959427197 0.12466101694915249
0 0.013126491646778043 0.3474576271186441 0.026252983293556086 0.1228813559322034
0 0.8124463007159906 0.6812923728813559 0.033341288782816295 0.12442796610169496
0 0.8166229116945107 0.816843220338983 0.03453460620525066 0.12434322033898293
0 0.7301073985680191 0.6728177966101695 0.035715990453460696 0.1371398305084746
0 0.6471837708830548 0.6961016949152542 0.034510739856801996 0.11171610169491529
0 0.6907398568019092 0.8390677966101695 0.03331742243436763 0.13069915254237274
0 0.6006443914081145 0.6982203389830508 0.036885441527446265 0.12019067796610174
0 0.5606801909307876 0.7024576271186441 0.02853221957040569 0.11171610169491529
0 0.6483770883054891 0.8231991525423729 0.03212410501193326 0.12434322033898293
0 0.6066109785202863 0.8305932203389831 0.039272076372315 0.13493644067796598
0 0.5624701670644392 0.8348516949152542 0.036885441527446265 0.12646186440677953
0 0.47893794749403346 0.6728177966101695 0.03447494033412886 0.1371398305084746
0 0.39541766109785204 0.6897669491525423 0.0368496420047734 0.1371398305084746
0 0.47893794749403346 0.8221398305084746 0.036861575178997595 0.12646186440677953
0 0.4377804295942721 0.8231991525423729 0.04521479713603817 0.1412923728813558
0 0.3494749403341289 0.6992796610169492 0.0404295942720765 0.12230932203389834
0 0.3124821002386635 0.695042372881356 0.038031026252983165 0.12233050847457629
0 0.270727923627685 0.6876271186440678 0.03564439140811443 0.1286864406779661
0 0.23075178997613366 0.6759745762711864 0.029665871121718257 0.13504237288135595
0 0.18659904534606206 0.6791525423728814 0.03681384248210013 0.13292372881355935
0 0.14424821002386634 0.6992584745762712 0.035620525059665765 0.11809322033898308
0 0.3160620525059666 0.8411864406779661 0.038031026252983165 0.1391737288135592
0 0.2731145584725537 0.8316525423728814 0.038031026252983165 0.13283898305084754
0 0.23134844868735083 0.8179025423728814 0.040405727923627566 0.13072033898305094
0 0.19495226730310264 0.8295338983050848 0.03681384248210013 0.13283898305084754
0 0.06250596658711216 0.8326906779661016 0.04157517899761327 0.14766949152542383
0 0.7354773269689738 0.8327118644067797 0.032136038186157595 0.1306779661016948
0 0.8023031026252984 0.15707627118644069 0.036921241050119395 0.11838983050847457
0 0.44016706443914083 0.6738347457627119 0.05004773269689744 0.13086864406779658