0 0.22763657957244654 0.15010548523206751 0.03912114014251781 0.11789029535864978
0 0.2739429928741093 0.15219409282700422 0.034358669833729226 0.1221097046413502
0 0.34995249406175777 0.15535864978902952 0.03197149643705458 0.12843881856540085
0 0.393895486935867 0.15219409282700422 0.03433491686460804 0.12632911392405063
0 0.4312945368171021 0.15746835443037974 0.033147268408551034 0.12
0 0.4793942992874109 0.15641350210970464 0.03432304038004748 0.12632911392405063
0 0.5209619952494061 0.1711814345991561 0.031947743467933463 0.12632911392405063
0 0.588646080760095 0.15639240506329113 0.036686460807600935 0.13476793248945146
0 0.6403087885985748 0.1532278481012658 0.030736342042755473 0.13265822784810125
0 0.6842517814726841 0.1490084388185654 0.03309976247030866 0.1410970464135021
0 0.7703444180522565 0.13845991561181434 0.04140142517814715 0.13689873417721515
0 0.8119121140142518 0.12369198312236288 0.03663895486935856 0.14533755274261603
0 0.8570308788598575 0.13845991561181434 0.02951306413301652 0.12845991561181433
0 0.8950356294536818 0.13320675105485233 0.03425178147268399 0.12213080168776373
0 0.9348218527315915 0.11529535864978903 0.04256532066508304 0.13689873417721518
0 0.18250593824228026 0.3757805907172996 0.08425178147268408 0.0671308016877637
0 0.39745843230403805 0.3493881856540085 0.03908551068883607 0.13253164556962024
0 0.4307007125890736 0.3493881856540085 0.03433491686460804 0.12831223628691982
0 0.47286223277909734 0.334620253164557 0.03551068883610448 0.12411392405063287
0 0.5221496437054631 0.3525527426160338 0.03432304038004748 0.13042194092827003
0 0.598147268408551 0.3472573839662447 0.04142517814726847 0.13675105485232067
0 0.6444655581947744 0.34411392405063296 0.03904988123515452 0.1262236286919831
0 0.6842517814726841 0.330379746835443 0.03785035629453669 0.1283333333333333
0 0.7305581947743468 0.3304008438818566 0.030724465558194646 0.1283333333333333
0 0.7715320665083135 0.3240717299578059 0.03427553444180511 0.12411392405063287
0 0.8107244655581948 0.32829113924050635 0.039014251781472574 0.1325738396624473
0 0.8516864608076009 0.330379746835443 0.0425771971496436 0.1241350210970464
0 0.982185273159145 0.32489451476793246 0.035629453681710214 0.12236286919831224
0 0.17953681710213776 0.6805274261603376 0.033182897862232774 0.12390295358649793
0 0.18013064133016626 0.8197257383966245 0.034370546318289785 0.12381856540084375
0 0.26148456057007124 0.6784177215189874 0.03554631828978623 0.1365611814345992
0 0.34757719714964375 0.6847257383966244 0.0343467933491686 0.11124472573839667
0 0.30422802850356295 0.8270886075949367 0.03315914489311162 0.13014767932489438
0 0.393895486935867 0.6868354430379747 0.03671021377672205 0.1196835443037975
0 0.43366983372921614 0.6910548523206751 0.028396674584323003 0.11124472573839667
0 0.34638954869358674 0.8112869198312237 0.03197149643705458 0.12381856540084375
0 0.38795724465558196 0.8186497890295359 0.03908551068883607 0.1343670886075948
0 0.4318883610451306 0.8228902953586498 0.03671021377672205 0.12592827004219398
0 0.5150237529691211 0.6615400843881857 0.03431116389548692 0.1365611814345992
0 0.598147268408551 0.6741983122362869 0.036674584323040445 0.1365611814345992
0 0.5150237529691211 0.8102320675105485 0.036686460807600935 0.12592827004219398
0 0.5559857482185273 0.8112869198312237 0.044999999999999984 0.14069620253164544
0 0.6438717339667458 0.6878902953586498 0.040237529691211534 0.12179324894514772
0 0.680688836104513 0.6836708860759494 0.03785035629453669 0.1218143459915612
0 0.7222446555819477 0.6762869198312237 0.03547505938242267 0.12814345991561182
0 0.767375296912114 0.6583544303797468 0.0330878859857481 0.13447257383966246
0 0.8035985748218527 0.6509915611814345 0.03663895486935856 0.13236286919831225
0 0.8528741092636579 0.6689029535864979 0.035451306413301555 0.11759493670886077
0 0.680688836104513 0.8038818565400845 0.03785035629453669 0.13858649789029523
0 0.7198693586698337 0.819704641350211 0.03785035629453669 0.13227848101265832
0 0.761437054631829 0.8060126582278482 0.040213776722090144 0.1301687763713081
0 0.8000356294536817 0.8007172995780591 0.03663895486935856 0.13227848101265832
0 0.9354156769596199 0.7996413502109704 0.04137767220902603 0.1470464135021098
0 0.25970308788598573 0.8207594936708861 0.03198337292161521 0.1301265822784809
0 0.18488123515439428 0.15430379746835443 0.0367458432304038 0.11789029535864978
0 0.5536104513064133 0.6625527426160338 0.04980997624703094 0.13031645569620248
0 0.28469121140142517 0.5223206751054853 0.06751781472684085 0.11554852320675107