0 0.7474228028503563 0.1416666666666667 0.03912114014251788 0.11789029535864978
0 0.7023040380047506 0.14375527426160337 0.03435866983372929 0.1221097046413502
0 0.63104513064133 0.15746835443037974 0.03197149643705472 0.12843881856540085
0 0.5871021377672209 0.16063291139240507 0.03433491686460804 0.12632911392405063
0 0.5449524940617577 0.1659071729957806 0.033147268408551034 0.12
0 0.50041567695962 0.16063291139240507 0.03432304038004748 0.12632911392405063
0 0.4624109263657957 0.17329113924050632 0.031947743467933463 0.12632911392405063
0 0.3947268408551069 0.16905063291139238 0.036686460807601066 0.13476793248945146
0 0.3454394299287411 0.17854430379746836 0.030736342042755473 0.13265822784810125
0 0.29912114014251784 0.1701054852320675 0.03309976247030866 0.1410970464135021
0 0.21184085510688835 0.1701054852320675 0.04140142517814715 0.13689873417721515
0 0.1702731591448931 0.16588607594936708 0.03663895486935856 0.145337552742616
0 0.12990498812351545 0.17221518987341772 0.02951306413301652 0.12845991561181433
0 0.08833729216152018 0.1669620253164557 0.03425178147268399 0.12213080168776375
0 0.048551068883610445 0.15746835443037974 0.04256532066508304 0.1368987341772152
0 0.7996793349168646 0.3610126582278481 0.08425178147268415 0.0671308016877637
0 0.5918527315914489 0.35149789029535866 0.03908551068883607 0.13253164556962024
0 0.5574228028503563 0.3493881856540085 0.03433491686460804 0.12831223628691982
0 0.5128859857482185 0.35149789029535866 0.03551068883610448 0.12411392405063287
0 0.4683491686460808 0.3609915611814346 0.03432304038004748 0.13042194092827003
0 0.3864133016627079 0.359915611814346 0.04142517814726854 0.13675105485232067
0 0.3448456057007126 0.3651898734177215 0.03904988123515452 0.1262236286919831
0 0.30268408551068887 0.35780590717299576 0.03785035629453669 0.1283333333333333
0 0.2623159144893112 0.34516877637130805 0.030724465558194646 0.1283333333333333
0 0.2165914489311164 0.3599367088607595 0.03427553444180511 0.12411392405063287
0 0.17739904988123517 0.35780590717299576 0.039014251781472574 0.1325738396624472
0 0.13881235154394297 0.35358649789029534 0.0425771971496436 0.12413502109704636
0 0.014251781472684086 0.35654008438818563 0.028503562945368172 0.12236286919831224
0 0.8109619952494063 0.6699789029535865 0.033182897862232844 0.12390295358649793
0 0.8151187648456057 0.804957805907173 0.03437054631828985 0.12381856540084375
0 0.7290142517814727 0.6615400843881857 0.0355463182897863 0.1365611814345992
0 0.6464845605700712 0.6847257383966244 0.03434679334916873 0.11124472573839667
0 0.6898337292161519 0.8270886075949367 0.033159144893111725 0.13014767932489438
0 0.600166270783848 0.6868354430379747 0.03671021377672205 0.1196835443037975
0 0.5603919239904989 0.6910548523206751 0.028396674584323003 0.11124472573839667
0 0.6476722090261282 0.8112869198312237 0.03197149643705472 0.12381856540084375
0 0.6061045130641329 0.8186497890295359 0.03908551068883607 0.1343670886075948
0 0.5621733966745843 0.8228902953586498 0.03671021377672205 0.12592827004219398
0 0.4790380047505938 0.6615400843881857 0.03431116389548692 0.1365611814345992
0 0.057517814726840796 0.5487763713080169 0.06994061757719727 0.08386075949367089
0 0.3959144893111639 0.6784177215189874 0.03667458432304051 0.1365611814345992
0 0.4790380047505938 0.8228902953586498 0.036686460807600935 0.12592827004219398
0 0.43926365795724465 0.8197257383966245 0.044999999999999984 0.14069620253164544
0 0.35137767220902616 0.7047679324894515 0.040237529691211534 0.12179324894514772
0 0.3133729216152019 0.6921097046413502 0.03785035629453669 0.1218143459915612
0 0.2718171021377672 0.6889451476793249 0.03547505938242267 0.12814345991561182
0 0.2320308788598575 0.6815611814345992 0.02952494061757708 0.13447257383966246
0 0.18808788598574822 0.6847257383966244 0.03663895486935856 0.13236286919831225
0 0.14356294536817102 0.7005274261603376 0.035451306413301555 0.11759493670886077
0 0.31693586698337295 0.8291983122362869 0.03785035629453669 0.13858649789029523
0 0.27656769596199526 0.8365822784810127 0.03785035629453669 0.13227848101265832
0 0.23143705463182898 0.8249789029535866 0.040213776722090144 0.1301687763713081
0 0.19521377672209025 0.8323628691983123 0.03663895486935856 0.13227848101265832
0 0.06577197149643704 0.8376160337552742 0.04137767220902603 0.1470464135021098
0 0.7343586698337292 0.8207594936708861 0.03198337292161528 0.1301265822784809
0 0.7937410926365797 0.13742616033755276 0.03674584323040386 0.11789029535864978
0 0.21852731591448932 0.0379746835443038 0.07125890736342043 0.0759493670886076
0 0.6316508313539193 0.5223417721518987 0.07118764845605707 0.0733755274261604