0 0.24304295942720763 0.15074152542372882 0.03930787589498806 0.11838983050847457
0 0.28837708830548925 0.15283898305084745 0.03452267303102626 0.12262711864406779
0 0.3575894988066826 0.1602542372881356 0.03212410501193313 0.12898305084745762
0 0.3957756563245824 0.15495762711864408 0.03449880668257753 0.12686440677966102
0 0.438126491646778 0.17508474576271185 0.03330548926014316 0.12050847457627117
0 0.4864558472553699 0.17190677966101695 0.034486873508353194 0.12686440677966102
0 0.5222553699284009 0.1825 0.03210023866348446 0.12686440677966102
0 0.5938424821002386 0.17400423728813558 0.036861575178997665 0.13533898305084746
0 0.6457517899761336 0.17294491525423727 0.030883054892601562 0.13322033898305083
0 0.6899045346062053 0.16447033898305083 0.03325775656324569 0.14169491525423727
0 0.7799880668257757 0.16447033898305083 0.04159904534606193 0.137478813559322
0 0.8217541766109785 0.16235169491525422 0.03681384248210013 0.14595338983050846
0 0.8611217183770883 0.17294491525423727 0.029653937947493925 0.1290042372881356
0 0.9016945107398568 0.16978813559322034 0.03441527446300706 0.12264830508474578
0 0.9368973747016707 0.15177966101694915 0.04276849642004763 0.13747881355932207
0 0.19053699284009545 0.3710169491525424 0.08465393794749403 0.06741525423728813
0 0.39935560859188546 0.3614618644067797 0.039272076372315 0.13309322033898305
0 0.43394988066825774 0.3593432203389831 0.03449880668257753 0.1288559322033898
0 0.47869928400954653 0.3614618644067797 0.035680190930787566 0.12463983050847455
0 0.5234486873508353 0.37099576271186446 0.034486873508353194 0.13097457627118642
0 0.6057756563245823 0.3699152542372881 0.0416229116945108 0.13733050847457626
0 0.6475417661097852 0.37521186440677967 0.039236276849642135 0.12675847457627115
0 0.6875178997613365 0.3572033898305085 0.038031026252983165 0.12887711864406776
0 0.7292720763723151 0.3402754237288136 0.030871121718376957 0.12887711864406776
0 0.7752147971360381 0.3572245762711865 0.03443914081145573 0.12463983050847455
0 0.8122076372315036 0.34875 0.039200477326968866 0.13313559322033905
0 0.8545584725536993 0.3572033898305085 0.04278042959427197 0.12466101694915249
0 0.9826968973747017 0.3474576271186441 0.034606205250596656 0.1228813559322034
0 0.17920047732696895 0.6812923728813559 0.033341288782816225 0.12442796610169496
0 0.17502386634844866 0.816843220338983 0.0345346062052506 0.12434322033898293
0 0.2615393794749403 0.6728177966101695 0.035715990453460626 0.1371398305084746
0 0.3444630071599046 0.6961016949152542 0.03451073985680186 0.11171610169491529
0 0.3009069212410502 0.8390677966101695 0.03331742243436753 0.13069915254237274
0 0.3910023866348449 0.6982203389830508 0.036885441527446265 0.12019067796610174
0 0.4309665871121718 0.7024576271186441 0.02853221957040569 0.11171610169491529
0 0.3432696897374702 0.8231991525423729 0.03212410501193313 0.12434322033898293
0 0.3850357995226731 0.8305932203389831 0.039272076372315 0.13493644067796598
0 0.4291766109785203 0.8348516949152542 0.036885441527446265 0.12646186440677953
0 0.512708830548926 0.6728177966101695 0.03447494033412886 0.1371398305084746
0 0.5962291169451074 0.6897669491525423 0.03684964200477333 0.1371398305084746
0 0.512708830548926 0.8221398305084746 0.036861575178997595 0.12646186440677953
0 0.5538663484486873 0.8231991525423729 0.04521479713603817 0.1412923728813558
0 0.6421718377088306 0.6992796610169492 0.0404295942720765 0.12230932203389834
0 0.6791646778042959 0.695042372881356 0.038031026252983165 0.12233050847457629
0 0.7209188544152745 0.6876271186440678 0.03564439140811443 0.1286864406779661
0 0.7608949880668258 0.6759745762711864 0.029665871121718257 0.13504237288135595
0 0.8050477326968973 0.6791525423728814 0.03681384248210013 0.13292372881355935
0 0.8473985680190931 0.6992584745762712 0.035620525059665765 0.11809322033898308
0 0.6755847255369928 0.8411864406779661 0.038031026252983165 0.1391737288135592
0 0.7185322195704057 0.8316525423728814 0.038031026252983165 0.13283898305084754
0 0.7602983293556086 0.8179025423728814 0.040405727923627566 0.13072033898305094
0 0.7966945107398568 0.8295338983050848 0.03681384248210013 0.13283898305084754
0 0.9291408114558473 0.8326906779661016 0.04157517899761327 0.14766949152542383
0 0.25616945107398564 0.8327118644067797 0.032136038186157526 0.1306779661016948
0 0.19650357995226728 0.14648305084745764 0.036921241050119326 0.11838983050847457
0 0.5514797136038186 0.6738347457627119 0.05004773269689744 0.13086864406779658