0 0.7509810874704492 0.1452731092436975 0.03893617021276602 0.11739495798319327
0 0.7060756501182034 0.1473529411764706 0.03419621749408991 0.12159663865546218
0 0.6375177304964538 0.15470588235294117 0.03182033096926722 0.12789915966386553
0 0.599692671394799 0.14945378151260505 0.03417257683215126 0.12579831932773108
0 0.5541962174940899 0.16941176470588235 0.03299054373522455 0.11949579831932772
0 0.5051418439716312 0.16415966386554623 0.034160756501182006 0.12579831932773108
0 0.4673167848699764 0.17676470588235293 0.03179669030732858 0.12579831932773108
0 0.3999527186761229 0.17254201680672268 0.036513002364066315 0.1342016806722689
0 0.3508983451536643 0.18199579831932772 0.030591016548463485 0.13210084033613445
0 0.30479905437352245 0.1735924369747899 0.03294326241134739 0.14050420168067226
0 0.21793144208037826 0.1735924369747899 0.04120567375886513 0.13632352941176468
0 0.17656028368794327 0.169390756302521 0.03646572104018902 0.1447268907563025
0 0.13638297872340424 0.17569327731092435 0.029373522458628735 0.12792016806722686
0 0.09501182033096926 0.17046218487394957 0.03408983451536633 0.12161764705882357
0 0.055413711583924344 0.16100840336134453 0.04236406619385333 0.13632352941176473
0 0.8029905437352246 0.36369747899159666 0.08385342789598116 0.06684873949579831
0 0.5961465721040189 0.35422268907563026 0.038900709219858116 0.13197478991596637
0 0.5618794326241136 0.3521218487394958 0.03417257683215126 0.12777310924369747
0 0.5175531914893617 0.35422268907563026 0.03534278959810872 0.12359243697478989
0 0.47322695035460993 0.3636764705882353 0.034160756501182006 0.12987394957983192
0 0.39167848699763597 0.3626050420168067 0.04122931442080391 0.1361764705882353
0 0.350307328605201 0.3678571428571428 0.038865248226950484 0.12569327731092433
0 0.3083451536643026 0.36050420168067226 0.03767139479905424 0.12779411764705878
0 0.2681678486997636 0.3479201680672269 0.03057919621749396 0.12779411764705878
0 0.22265957446808513 0.3626260504201681 0.03411347517730485 0.12359243697478989
0 0.18365248226950356 0.36050420168067226 0.03882978723404244 0.13201680672268903
0 0.1452482269503546 0.3563025210084034 0.04237588652482259 0.12361344537815121
0 0.01773049645390071 0.3592436974789916 0.03546099290780142 0.12184873949579832
0 0.8142198581560284 0.6713655462184874 0.033026004728132455 0.12338235294117651
0 0.818356973995272 0.8057773109243698 0.034208037825059164 0.12329831932773097
0 0.7326595744680852 0.6629621848739495 0.035378250591016625 0.13598739495798323
0 0.6505200945626477 0.6860504201680673 0.034184397163120654 0.11077731092436979
0 0.6936643026004727 0.8278151260504202 0.03300236406619394 0.12960084033613434
0 0.6044208037825058 0.6881512605042017 0.03653664302600469 0.1191806722689076
0 0.5648345153664303 0.6923529411764706 0.028262411347517693 0.11077731092436979
0 0.6517021276595744 0.8120798319327731 0.03182033096926722 0.12329831932773097
0 0.6103309692671394 0.8194117647058824 0.038900709219858054 0.13380252100840323
0 0.5666075650118204 0.8236344537815127 0.03653664302600469 0.12539915966386542
0 0.4838652482269504 0.6629621848739495 0.03414893617021275 0.13598739495798323
0 0.40113475177304964 0.6797689075630252 0.03650118203309705 0.13598739495798323
0 0.4838652482269504 0.8236344537815127 0.036513002364066176 0.12539915966386542
0 0.44427895981087473 0.8204831932773109 0.04478723404255318 0.1401050420168066
0 0.35562647754137117 0.689201680672269 0.0400472813238772 0.12128151260504205
0 0.31898345153664304 0.685 0.03767139479905424 0.12130252100840339
0 0.2776241134751773 0.6776470588235294 0.03530732860520082 0.12760504201680675
0 0.2380260047281324 0.6660924369747899 0.02938534278959799 0.1339075630252101
0 0.1966548463356974 0.671344537815126 0.03646572104018902 0.13180672268907564
0 0.15234042553191487 0.6891806722689076 0.0352836879432623 0.11710084033613448
0 0.3225295508274232 0.8299159663865546 0.03767139479905424 0.13800420168067215
0 0.2799881796690307 0.8204621848739496 0.03767139479905424 0.13172268907563034
0 0.23861702127659576 0.806827731092437 0.04002364066193841 0.1296218487394959
0 0.202565011820331 0.8183613445378152 0.03646572104018902 0.13172268907563034
0 0.07137115839243498 0.8214915966386555 0.04118203309692662 0.14642857142857152
0 0.7379787234042554 0.8215126050420168 0.031832151300236484 0.129579831932773
0 0.7970803782505911 0.14105042016806724 0.036572104018912595 0.11739495798319327
0 0.17966903073286053 0.03991596638655462 0.07565011820330969 0.07983193277310924
0 0.5766548463356974 0.4928571428571428 0.0708510638297873 0.07306722689075637