0 0.24663895486935866 0.1416666666666667 0.03912114014251781 0.11789029535864978
0 0.2905700712589074 0.14375527426160337 0.034358669833729226 0.1221097046413502
0 0.36301662707838483 0.15113924050632913 0.03197149643705458 0.12843881856540085
0 0.4010213776722091 0.14586497890295358 0.03433491686460804 0.12632911392405063
0 0.44317102137767217 0.1659071729957806 0.033147268408551034 0.12
0 0.49127078384798095 0.16274261603375528 0.03432304038004748 0.12632911392405063
0 0.5269002375296912 0.17329113924050632 0.031947743467933463 0.12632911392405063
0 0.598147268408551 0.164831223628692 0.036686460807601004 0.13476793248945146
0 0.6498099762470309 0.16377637130801687 0.030736342042755473 0.13265822784810125
0 0.6937529691211402 0.15533755274261601 0.03309976247030866 0.1410970464135021
0 0.7834085510688836 0.15533755274261601 0.04140142517814715 0.13689873417721515
0 0.8249762470308789 0.1532278481012658 0.03663895486935856 0.145337552742616
0 0.8641567695961996 0.16377637130801687 0.02951306413301652 0.12845991561181433
0 0.9045368171021377 0.16063291139240507 0.03425178147268399 0.12213080168776373
0 0.9395724465558195 0.14270042194092827 0.04256532066508304 0.1368987341772152
0 0.19675771971496436 0.3610126582278481 0.08425178147268408 0.0671308016877637
0 0.40458432304038006 0.35149789029535866 0.03908551068883607 0.13253164556962024
0 0.43901425178147263 0.3493881856540085 0.03433491686460804 0.12831223628691982
0 0.48355106888361044 0.35149789029535866 0.03551068883610448 0.12411392405063287
0 0.5280878859857482 0.3609915611814346 0.03432304038004748 0.13042194092827003
0 0.6100237529691211 0.359915611814346 0.04142517814726847 0.13675105485232067
0 0.6492161520190024 0.34622362869198314 0.03904988123515452 0.1262236286919831
0 0.6913776722090261 0.3472573839662447 0.03785035629453669 0.1283333333333333
0 0.7329334916864608 0.3304008438818566 0.030724465558194646 0.1283333333333333
0 0.7762826603325416 0.3367299578059072 0.03427553444180511 0.12411392405063287
0 0.8130997624703088 0.32829113924050635 0.039014251781472574 0.1325738396624473
0 0.8540617577197149 0.330379746835443 0.0425771971496436 0.1241350210970464
0 0.9839667458432304 0.33755274261603374 0.032066508313539195 0.12236286919831224
0 0.18547505938242279 0.6699789029535865 0.033182897862232774 0.12390295358649793
0 0.18131828978622327 0.804957805907173 0.034370546318289785 0.12381856540084375
0 0.2674228028503563 0.6615400843881857 0.03554631828978623 0.1365611814345992
0 0.34995249406175777 0.6847257383966244 0.0343467933491686 0.11124472573839667
0 0.306603325415677 0.8270886075949367 0.03315914489311162 0.13014767932489438
0 0.39627078384798103 0.6868354430379747 0.03671021377672205 0.1196835443037975
0 0.43604513064133016 0.6910548523206751 0.028396674584323003 0.11124472573839667
0 0.34876484560570076 0.8112869198312237 0.03197149643705458 0.12381856540084375
0 0.390332541567696 0.8186497890295359 0.03908551068883607 0.1343670886075948
0 0.43426365795724464 0.8228902953586498 0.03671021377672205 0.12592827004219398
0 0.5173990498812351 0.6615400843881857 0.03431116389548692 0.1365611814345992
0 0.6005225653206651 0.6784177215189874 0.036674584323040445 0.1365611814345992
0 0.5173990498812351 0.8102320675105485 0.036686460807600935 0.12592827004219398
0 0.5583610451306413 0.8112869198312237 0.044999999999999984 0.14069620253164544
0 0.6462470308788598 0.6878902953586498 0.040237529691211534 0.12179324894514772
0 0.683064133016627 0.6836708860759494 0.03785035629453669 0.1218143459915612
0 0.7246199524940617 0.6762869198312237 0.03547505938242267 0.12814345991561182
0 0.7644061757719715 0.6646835443037975 0.02952494061757708 0.13447257383966246
0 0.8083491686460808 0.6678481012658228 0.03663895486935856 0.13236286919831225
0 0.8504988123515439 0.6878691983122364 0.035451306413301555 0.11759493670886077
0 0.679501187648456 0.8291983122362869 0.03785035629453669 0.13858649789029523
0 0.7222446555819477 0.819704641350211 0.03785035629453669 0.13227848101265832
0 0.763812351543943 0.8060126582278482 0.040213776722090144 0.1301687763713081
0 0.8000356294536817 0.8175949367088609 0.03663895486935856 0.13227848101265832
0 0.931852731591449 0.8207383966244726 0.04137767220902603 0.1470464135021098
0 0.26207838479809975 0.8207594936708861 0.03198337292161521 0.1301265822784809
0 0.19675771971496436 0.13531645569620254 0.0367458432304038 0.11789029535864978
0 0.5559857482185273 0.6625527426160338 0.04980997624703094 0.13031645569620248