0 0.7545704057279237 0.15286016949152545 0.03930787589498813 0.11838983050847457
0 0.7104295942720764 0.15283898305084745 0.03452267303102633 0.12262711864406779
0 0.641217183770883 0.1644915254237288 0.03212410501193326 0.12898305084745762
0 0.5970644391408114 0.16766949152542374 0.03449880668257753 0.12686440677966102
0 0.5547136038186158 0.17296610169491525 0.03330548926014316 0.12050847457627117
0 0.509964200477327 0.16766949152542374 0.034486873508353194 0.12686440677966102
0 0.4717780429594272 0.1803813559322034 0.03210023866348446 0.12686440677966102
0 0.4037708830548926 0.17612288135593218 0.036861575178997734 0.13533898305084746
0 0.35424821002386636 0.18565677966101693 0.030883054892601562 0.13322033898305083
0 0.307708830548926 0.1771822033898305 0.03325775656324569 0.14169491525423727
0 0.22001193317422435 0.1771822033898305 0.04159904534606193 0.137478813559322
0 0.17824582338902148 0.17294491525423727 0.03681384248210013 0.14595338983050846
0 0.13768496420047732 0.17930084745762712 0.029653937947493925 0.12900423728813556
0 0.09591885441527445 0.17402542372881355 0.03441527446300706 0.12264830508474579
0 0.05594272076372314 0.1644915254237288 0.04276849642004763 0.13747881355932207
0 0.8106563245823389 0.36889830508474575 0.0846539379474941 0.06741525423728813
0 0.6018377088305489 0.3593432203389831 0.039272076372315 0.13309322033898305
0 0.5672434367541767 0.3572245762711865 0.03449880668257753 0.1288559322033898
0 0.5224940334128878 0.3593432203389831 0.035680190930787566 0.12463983050847455
0 0.47774463007159906 0.3688771186440678 0.034486873508353194 0.13097457627118642
0 0.39541766109785204 0.3677966101694915 0.04162291169451087 0.13733050847457626
0 0.3536515513126492 0.373093220338983 0.039236276849642135 0.12675847457627115
0 0.3112887828162291 0.3656779661016949 0.038031026252983165 0.12887711864406776
0 0.270727923627685 0.35298728813559327 0.030871121718376957 0.12887711864406776
0 0.2247852028639618 0.3678177966101695 0.03443914081145573 0.12463983050847455
0 0.1854057279236277 0.3656779661016949 0.039200477326968866 0.13313559322033894
0 0.14663484486873507 0.3614406779661017 0.04278042959427197 0.12466101694915249
0 0.017899761336515514 0.3644067796610169 0.03579952267303103 0.1228813559322034
0 0.8219928400954655 0.6791737288135593 0.033341288782816295 0.12442796610169496
0 0.8261694510739858 0.8147245762711864 0.03453460620525066 0.12434322033898293
0 0.7396539379474941 0.6706991525423729 0.035715990453460696 0.1371398305084746
0 0.6567303102625297 0.6939830508474576 0.034510739856801996 0.11171610169491529
0 0.7002863961813841 0.8369491525423729 0.03331742243436763 0.13069915254237274
0 0.6101909307875895 0.6961016949152542 0.036885441527446265 0.12019067796610174
0 0.5702267303102626 0.7003389830508474 0.02853221957040569 0.11171610169491529
0 0.6579236276849642 0.8210805084745763 0.03212410501193326 0.12434322033898293
0 0.6161575178997613 0.8284745762711865 0.03927207637231493 0.13493644067796598
0 0.5720167064439141 0.8327330508474576 0.036885441527446265 0.12646186440677953
0 0.4884844868735084 0.6706991525423729 0.03447494033412886 0.1371398305084746
0 0.1675536992840095 0.5511016949152543 0.07027446300716002 0.08421610169491525
0 0.404964200477327 0.6876483050847457 0.0368496420047734 0.1371398305084746
0 0.4884844868735084 0.8327330508474576 0.036861575178997595 0.12646186440677953
0 0.4485202863961814 0.8295550847457628 0.04521479713603817 0.1412923728813558
0 0.3602147971360382 0.7141101694915254 0.0404295942720765 0.12230932203389834
0 0.32202863961813843 0.7013983050847458 0.038031026252983165 0.12233050847457629
0 0.2802744630071599 0.6982203389830508 0.03564439140811443 0.1286864406779661
0 0.2402983293556086 0.6908050847457627 0.029665871121718257 0.13504237288135595
0 0.196145584725537 0.6939830508474576 0.03681384248210013 0.13292372881355935
0 0.15140811455847256 0.7098516949152542 0.035620525059665765 0.11809322033898308
0 0.32560859188544156 0.8390677966101695 0.038031026252983165 0.1391737288135592
0 0.28504773269689737 0.8464830508474577 0.038031026252983165 0.13283898305084754
0 0.2397016706443914 0.8348305084745763 0.040405727923627566 0.13072033898305094
0 0.2033054892601432 0.8422457627118645 0.03681384248210013 0.13283898305084754
0 0.07324582338902147 0.8475211864406779 0.04157517899761327 0.14766949152542383
0 0.7450238663484487 0.8305932203389831 0.032136038186157595 0.1306779661016948
0 0.028639618138424822 0.9841101694915254 0.057279236276849645 0.03177966101694915
0 0.801109785202864 0.14648305084745764 0.036921241050119395 0.11838983050847457
0 0.23389021479713604 0.034957627118644065 0.057279236276849645 0.06991525423728813
0 0.6991050119331742 0.5415042372881356 0.07152744630071606 0.07368644067796605