0 0.8124468085106383 0.16100840336134453 0.034208037825059164 0.1110924369747899
0 0.7698936170212767 0.16205882352941176 0.03893617021276602 0.11739495798319327
0 0.7202600472813239 0.1515546218487395 0.03419621749408991 0.12159663865546218
0 0.6505200945626477 0.16100840336134453 0.03182033096926722 0.12789915966386553
0 0.6115130023640661 0.15785714285714286 0.0341725768321512 0.12579831932773108
0 0.5695626477541371 0.16100840336134453 0.03299054373522455 0.11949579831932772
0 0.5205082742316786 0.15365546218487394 0.034160756501182006 0.12579831932773108
0 0.48150118203309694 0.15785714285714286 0.03179669030732858 0.12579831932773108
0 0.4141371158392435 0.14525210084033613 0.036513002364066176 0.1342016806722689
0 0.3639007092198582 0.14 0.030591016548463485 0.13210084033613445
0 0.3154373522458629 0.13159663865546217 0.03294326241134739 0.14050420168067226
0 0.22856973995271868 0.12319327731092437 0.04120567375886513 0.13632352941176473
0 0.18601654846335697 0.11478991596638656 0.03646572104018902 0.14472689075630255
0 0.14583924349881797 0.12529411764705883 0.029373522458628735 0.12792016806722692
0 0.1068321513002364 0.11796218487394958 0.03408983451536633 0.12161764705882352
0 0.06723404255319149 0.10640756302521008 0.04236406619385333 0.1363235294117647
0 0.8136288416075651 0.38468487394957984 0.08385342789598116 0.06684873949579831
0 0.6611583924349881 0.38783613445378157 0.034184397163120654 0.13611344537815132
0 0.6067848699763593 0.3521218487394958 0.038900709219858054 0.13197478991596637
0 0.5666075650118204 0.35002100840336137 0.03417257683215126 0.12777310924369747
0 0.5258274231678487 0.3416176470588236 0.03534278959810872 0.12359243697478989
0 0.4803191489361702 0.34897058823529414 0.034160756501182006 0.12987394957983192
0 0.39640661938534283 0.3479201680672269 0.04122931442080391 0.1361764705882353
0 0.35621749408983455 0.33846638655462186 0.038865248226950484 0.12569327731092433
0 0.31307328605200946 0.3311134453781513 0.03767139479905424 0.12779411764705878
0 0.27289598108747043 0.31642857142857145 0.03057919621749396 0.12779411764705878
0 0.2309338061465721 0.31642857142857145 0.03411347517730485 0.12359243697478989
0 0.1883806146572104 0.3038235294117647 0.03882978723404244 0.13201680672268915
0 0.14761229314420804 0.3080252100840336 0.04237588652482259 0.12361344537815133
0 0.017139479905437353 0.29831932773109243 0.034278959810874705 0.12184873949579832
0 0.8154018912529551 0.698655462184874 0.033026004728132455 0.12338235294117651
0 0.8112647754137117 0.8288655462184874 0.034208037825059164 0.12329831932773097
0 0.7326595744680852 0.6818487394957983 0.035378250591016625 0.13598739495798323
0 0.7320685579196218 0.8341176470588235 0.03419621749408991 0.13380252100840323
0 0.6469739952718675 0.6944537815126051 0.034184397163120654 0.11077731092436979
0 0.6889361702127659 0.8383193277310925 0.03300236406619394 0.12960084033613434
0 0.6032387706855792 0.6860504201680673 0.03653664302600469 0.1191806722689076
0 0.5636524822695036 0.6902521008403362 0.028262411347517693 0.11077731092436979
0 0.6481560283687943 0.8204831932773109 0.03182033096926722 0.12329831932773097
0 0.6020567375886524 0.8257142857142857 0.038900709219858116 0.13380252100840323
0 0.5595153664302601 0.8215336134453782 0.03653664302600469 0.12539915966386542
0 0.4791371158392435 0.6629621848739495 0.03414893617021275 0.13598739495798323
0 0.43836879432624115 0.6682142857142856 0.032966903073286036 0.13808823529411768
0 0.39758865248226954 0.6734663865546219 0.03650118203309705 0.13598739495798323
0 0.4779550827423168 0.8194327731092437 0.036513002364066176 0.12539915966386542
0 0.43718676122931444 0.8036764705882353 0.04478723404255318 0.1401050420168066
0 0.35444444444444445 0.678718487394958 0.0400472813238772 0.12128151260504205
0 0.3154373522458629 0.6661134453781512 0.03767139479905424 0.12130252100840339
0 0.2717139479905437 0.6566596638655462 0.03530732860520082 0.12760504201680675
0 0.22856973995271868 0.6409033613445378 0.02938534278959799 0.1339075630252101
0 0.18956264775413711 0.646155462184874 0.03646572104018902 0.13180672268907564
0 0.1452482269503546 0.6577100840336134 0.0352836879432623 0.11710084033613448
0 0.31307328605200946 0.806827731092437 0.03767139479905424 0.13800420168067215
0 0.27053191489361705 0.8015756302521009 0.03767139479905424 0.13172268907563034
0 0.22916075650118203 0.7900210084033613 0.04002364066193841 0.1296218487394959
0 0.18719858156028368 0.7931722689075631 0.03646572104018902 0.13172268907563034
0 0.05718676122931442 0.7816176470588235 0.04118203309692662 0.14642857142857152