0 0.7724701670644392 0.15074152542372882 0.03930787589498813 0.11838983050847457
0 0.7271360381861576 0.15283898305084745 0.03452267303102633 0.12262711864406779
0 0.6531503579952266 0.15601694915254238 0.03212410501193326 0.12898305084745762
0 0.6089976133651551 0.15283898305084745 0.03449880668257753 0.12686440677966102
0 0.571420047732697 0.158135593220339 0.03330548926014316 0.12050847457627117
0 0.5230906921241051 0.15707627118644069 0.034486873508353194 0.12686440677966102
0 0.4813245823389022 0.17190677966101695 0.03210023866348446 0.12686440677966102
0 0.41331742243436753 0.1570550847457627 0.036861575178997595 0.13533898305084746
0 0.36140811455847255 0.15387711864406778 0.030883054892601562 0.13322033898305083
0 0.31486873508353225 0.15175847457627117 0.03325775656324569 0.14169491525423727
0 0.2295584725536993 0.13904661016949152 0.04159904534606193 0.137478813559322
0 0.18301909307875897 0.12633474576271186 0.03681384248210013 0.14595338983050848
0 0.14365155131264917 0.13904661016949152 0.029653937947493925 0.12900423728813556
0 0.1054653937947494 0.13377118644067798 0.03441527446300706 0.12264830508474579
0 0.06548926014319809 0.11578389830508475 0.04276849642004763 0.13747881355932204
0 0.8213961813842483 0.3773728813559322 0.0846539379474941 0.06741525423728813
0 0.605417661097852 0.35086864406779666 0.039272076372315 0.13309322033898305
0 0.5720167064439141 0.35086864406779666 0.03449880668257753 0.1288559322033898
0 0.5248806682577566 0.3423940677966102 0.035680190930787566 0.12463983050847455
0 0.4801312649164678 0.35404661016949157 0.034486873508353194 0.13097457627118642
0 0.39899761336515516 0.3593220338983051 0.04162291169451087 0.13733050847457626
0 0.35723150357995226 0.3455720338983051 0.039236276849642135 0.12675847457627115
0 0.317255369928401 0.33177966101694917 0.038031026252983165 0.12887711864406776
0 0.270727923627685 0.33180084745762717 0.030871121718376957 0.12887711864406776
0 0.22717183770883057 0.338156779661017 0.03443914081145573 0.12463983050847455
0 0.19017899761336515 0.32968220338983056 0.039200477326968866 0.13313559322033905
0 0.1490214797136038 0.33177966101694917 0.04278042959427197 0.12466101694915249
0 0.017899761336515514 0.326271186440678 0.03579952267303103 0.1228813559322034
0 0.8243794749403341 0.6834110169491525 0.033341288782816295 0.12442796610169496
0 0.823782816229117 0.8231991525423729 0.03453460620525066 0.12434322033898293
0 0.7384606205250597 0.6643432203389831 0.035715990453460696 0.1371398305084746
0 0.6555369928400954 0.6876271186440678 0.034510739856801996 0.11171610169491529
0 0.6990930787589498 0.8305932203389831 0.03331742243436763 0.13069915254237274
0 0.6089976133651551 0.6897457627118644 0.036885441527446265 0.12019067796610174
0 0.5690334128878282 0.6939830508474576 0.02853221957040569 0.11171610169491529
0 0.6567303102625297 0.8147245762711864 0.03212410501193326 0.12434322033898293
0 0.6149642004773269 0.8221186440677967 0.03927207637231493 0.13493644067796598
0 0.5708233890214798 0.8263771186440678 0.036885441527446265 0.12646186440677953
0 0.48729116945107404 0.6643432203389831 0.03447494033412886 0.1371398305084746
0 0.4037708830548926 0.6812923728813559 0.0368496420047734 0.1371398305084746
0 0.48729116945107404 0.8136652542372882 0.036861575178997595 0.12646186440677953
0 0.4461336515513127 0.8147245762711864 0.04521479713603817 0.1412923728813558
0 0.3578281622911695 0.6908050847457627 0.0404295942720765 0.12230932203389834
0 0.3208353221957041 0.6865677966101695 0.038031026252983165 0.12233050847457629
0 0.2790811455847255 0.6791525423728814 0.03564439140811443 0.1286864406779661
0 0.23373508353221958 0.6611440677966102 0.03324582338902136 0.13504237288135595
0 0.19733890214797137 0.6537499999999999 0.03681384248210013 0.13292372881355935
0 0.14782816229116943 0.6717372881355932 0.035620525059665765 0.11809322033898308
0 0.32202863961813843 0.8242372881355933 0.038031026252983165 0.1391737288135592
0 0.28146778042959425 0.8231779661016949 0.038031026252983165 0.13283898305084754
0 0.2397016706443914 0.809427966101695 0.040405727923627566 0.13072033898305094
0 0.20091885441527446 0.8041101694915255 0.03681384248210013 0.13283898305084754
0 0.0648926014319809 0.8030296610169491 0.04157517899761327 0.14766949152542383
0 0.7438305489260144 0.8242372881355933 0.032136038186157595 0.1306779661016948
0 0.8166229116945107 0.14860169491525424 0.036921241050119395 0.11838983050847457
0 0.4485202863961814 0.6653601694915254 0.05004773269689744 0.13086864406779658
0 0.7061933174224343 0.5033686440677966 0.07380668257756552 0.09063559322033904