0 0.2324704491725768 0.16207983193277312 0.03893617021276596 0.11739495798319327
0 0.276193853427896 0.1599579831932773 0.03419621749408984 0.12159663865546218
0 0.34593380614657215 0.163109243697479 0.03182033096926709 0.12789915966386553
0 0.38730496453900715 0.1599579831932773 0.03417257683215126 0.12579831932773108
0 0.4328014184397163 0.16521008403361345 0.03299054373522455 0.11949579831932772
0 0.4806737588652482 0.16415966386554623 0.034160756501182006 0.12579831932773108
0 0.5173167848699763 0.1746638655462185 0.03179669030732858 0.12579831932773108
0 0.5834988179669031 0.15153361344537813 0.036513002364066176 0.1342016806722689
0 0.6408274231678487 0.16098739495798317 0.030591016548463485 0.13210084033613445
0 0.6845626477541371 0.15678571428571428 0.03294326241134739 0.14050420168067226
0 0.7702482269503546 0.1378781512605042 0.04120567375886513 0.13632352941176468
0 0.8116193853427895 0.12527310924369747 0.03646572104018902 0.14472689075630252
0 0.8553427895981087 0.14628151260504202 0.029373522458628735 0.12792016806722686
0 0.8943498817966903 0.14105042016806724 0.03408983451536633 0.12161764705882354
0 0.9339479905437352 0.1232142857142857 0.04236406619385333 0.1363235294117647
0 0.18518912529550827 0.38260504201680673 0.08385342789598109 0.06684873949579831
0 0.3955791962174941 0.35422268907563026 0.038900709219858116 0.13197478991596637
0 0.4322104018912529 0.35632352941176476 0.03417257683215126 0.12777310924369747
0 0.47417257683215125 0.3416176470588236 0.03534278959810872 0.12359243697478989
0 0.5137706855791961 0.35317226890756304 0.034160756501182006 0.12987394957983192
0 0.5988652482269503 0.35420168067226887 0.041229314420803846 0.1361764705882353
0 0.6449645390070922 0.3510714285714286 0.038865248226950484 0.12569327731092433
0 0.6845626477541371 0.32899159663865546 0.03767139479905424 0.12779411764705878
0 0.7306501182033097 0.33741596638655463 0.03057919621749396 0.12779411764705878
0 0.7690661938534279 0.32901260504201685 0.03411347517730485 0.12359243697478989
0 0.8116193853427895 0.31850840336134456 0.03882978723404244 0.13201680672268912
0 0.8488416075650118 0.3122058823529412 0.04237588652482259 0.1236134453781513
0 0.9817848699763594 0.3132773109243698 0.03643026004728125 0.12151260504201684
0 0.18223404255319148 0.6860714285714286 0.033026004728132385 0.12338235294117651
0 0.18164302600472812 0.8330882352941177 0.0342080378250591 0.12329831932773097
0 0.26379432624113475 0.6839705882352941 0.035378250591016555 0.13598739495798323
0 0.3482978723404256 0.698655462184874 0.03418439716312052 0.11077731092436979
0 0.3063356973995272 0.8362184873949581 0.03300236406619384 0.12960084033613434
0 0.3955791962174941 0.6923529411764706 0.03653664302600469 0.1191806722689076
0 0.4351654846335697 0.6965546218487395 0.028262411347517693 0.11077731092436979
0 0.3482978723404256 0.8267857142857143 0.03182033096926709 0.12329831932773097
0 0.39085106382978724 0.8236134453781513 0.038900709219858116 0.13380252100840323
0 0.43339243498817964 0.8278361344537816 0.03653664302600469 0.12539915966386542
0 0.5161347517730496 0.6671638655462184 0.03414893617021275 0.13598739495798323
0 0.5988652482269503 0.6797689075630252 0.03650118203309699 0.13598739495798323
0 0.5149527186761229 0.8194327731092437 0.036513002364066176 0.12539915966386542
0 0.556903073286052 0.816281512605042 0.04478723404255318 0.1401050420168066
0 0.6443735224586288 0.6934033613445378 0.0400472813238772 0.12128151260504205
0 0.6810165484633569 0.689201680672269 0.03767139479905424 0.12130252100840339
0 0.7247399527186761 0.6566596638655462 0.03530732860520082 0.12760504201680675
0 0.7672931442080378 0.6639915966386555 0.03293144208037813 0.1339075630252101
0 0.8116193853427895 0.6629621848739495 0.03646572104018902 0.13180672268907564
0 0.8571158392434989 0.6723949579831933 0.0352836879432623 0.11710084033613448
0 0.6810165484633569 0.8089075630252102 0.03767139479905424 0.13800420168067215
0 0.7282860520094563 0.8120588235294118 0.03767139479905424 0.13172268907563034
0 0.7672931442080378 0.8005252100840337 0.04002364066193841 0.1296218487394959
0 0.8092553191489361 0.8057563025210085 0.03646572104018902 0.13172268907563034
0 0.9416312056737589 0.7941806722689075 0.04118203309692662 0.14642857142857152
0 0.26202127659574465 0.8320168067226891 0.031832151300236415 0.129579831932773
0 0.1875531914893617 0.16205882352941176 0.036572104018912525 0.11739495798319327
0 0.5545390070921986 0.6681722689075631 0.049574468085106446 0.12976890756302517
0 0.33890070921985815 0.5075420168067227 0.05301418439716315 0.13186974789915967