0 0.8186817102137768 0.1659071729957806 0.03437054631828985 0.11156118143459914
0 0.7759263657957245 0.1669620253164557 0.03912114014251788 0.11789029535864978
0 0.7260570071258907 0.15641350210970464 0.03435866983372929 0.1221097046413502
0 0.6559857482185272 0.1659071729957806 0.03197149643705472 0.12843881856540085
0 0.616793349168646 0.16274261603375528 0.03433491686460797 0.12632911392405063
0 0.5746437054631829 0.1659071729957806 0.033147268408551034 0.12
0 0.5253562945368171 0.15852320675105486 0.03432304038004748 0.12632911392405063
0 0.4861638954869359 0.16274261603375528 0.031947743467933463 0.12632911392405063
0 0.41847980997624706 0.150084388185654 0.036686460807600935 0.13476793248945146
0 0.36800475059382426 0.1448101265822785 0.030736342042755473 0.13265822784810125
0 0.31931116389548697 0.13637130801687763 0.03309976247030866 0.1410970464135021
0 0.2320308788598575 0.12793248945147678 0.04140142517814715 0.1368987341772152
0 0.18927553444180523 0.11949367088607595 0.03663895486935856 0.14533755274261606
0 0.14890736342042754 0.130042194092827 0.02951306413301652 0.12845991561181438
0 0.10971496437054631 0.12267932489451476 0.03425178147268399 0.12213080168776372
0 0.06992874109263657 0.1110759493670886 0.04256532066508304 0.13689873417721518
0 0.8198693586698338 0.3905274261603376 0.08425178147268415 0.0671308016877637
0 0.6654869358669833 0.4611814345991561 0.03434679334916873 0.13668776371308022
0 0.612042755344418 0.35782700421940933 0.039085510688836 0.13253164556962024
0 0.5716745843230404 0.3557172995780591 0.03433491686460804 0.12831223628691982
0 0.5307007125890737 0.34727848101265824 0.03551068883610448 0.12411392405063287
0 0.4849762470308789 0.354662447257384 0.03432304038004748 0.13042194092827003
0 0.40066508313539195 0.3536075949367089 0.04142517814726854 0.13675105485232067
0 0.3602850356294537 0.34411392405063296 0.03904988123515452 0.1262236286919831
0 0.31693586698337295 0.3367299578059072 0.03785035629453669 0.1283333333333333
0 0.27656769596199526 0.3219831223628692 0.030724465558194646 0.1283333333333333
0 0.2344061757719715 0.3219831223628692 0.03427553444180511 0.12411392405063287
0 0.19165083135391925 0.30932489451476797 0.039014251781472574 0.13257383966244732
0 0.15068883610451306 0.31354430379746834 0.0425771971496436 0.12413502109704648
0 0.01840855106888361 0.3037974683544304 0.03681710213776722 0.12236286919831224
0 0.8216508313539193 0.7058227848101266 0.033182897862232844 0.12390295358649793
0 0.8174940617577198 0.8365822784810127 0.03437054631828985 0.12381856540084375
0 0.7385154394299288 0.6889451476793249 0.0355463182897863 0.1365611814345992
0 0.7379216152019002 0.8418565400843883 0.03435866983372929 0.1343670886075948
0 0.6524228028503561 0.7016033755274261 0.03434679334916873 0.11124472573839667
0 0.69458432304038 0.8460759493670886 0.033159144893111725 0.13014767932489438
0 0.608479809976247 0.6931645569620253 0.036710213776721984 0.1196835443037975
0 0.5687054631828979 0.6973839662447258 0.028396674584323003 0.11124472573839667
0 0.6536104513064132 0.8281645569620253 0.03197149643705472 0.12381856540084375
0 0.6072921615201899 0.8334177215189874 0.03908551068883607 0.1343670886075948
0 0.5645486935866983 0.8292194092827004 0.03671021377672205 0.12592827004219398
0 0.48378859857482187 0.6699789029535865 0.03431116389548692 0.1365611814345992
0 0.4428266033254157 0.675253164556962 0.033123515439429915 0.1386708860759494
0 0.40185273159144896 0.6805274261603376 0.03667458432304051 0.1365611814345992
0 0.48260095011876486 0.8271097046413503 0.036686460807600935 0.12592827004219398
0 0.44163895486935867 0.8112869198312237 0.044999999999999984 0.14069620253164544
0 0.35850356294536817 0.6858016877637131 0.040237529691211534 0.12179324894514772
0 0.31931116389548697 0.6731434599156118 0.03785035629453669 0.1218143459915612
0 0.27538004750593825 0.6636497890295359 0.03547505938242267 0.12814345991561182
0 0.2320308788598575 0.6478270042194093 0.02952494061757708 0.13447257383966246
0 0.19283847980997626 0.6531012658227848 0.03663895486935856 0.13236286919831225
0 0.14831353919239904 0.6647046413502109 0.035451306413301555 0.11759493670886077
0 0.31693586698337295 0.8144514767932489 0.03785035629453669 0.13858649789029523
0 0.27419239904988124 0.8091772151898734 0.03785035629453669 0.13227848101265832
0 0.232624703087886 0.7975738396624473 0.040213776722090144 0.1301687763713081
0 0.19046318289786224 0.8007383966244725 0.03663895486935856 0.13227848101265832
0 0.059833729216152015 0.7891350210970465 0.04137767220902603 0.1470464135021098