0 0.24307600950118763 0.15432489451476794 0.03912114014251781 0.11789029535864978
0 0.28581947743467934 0.150084388185654 0.034358669833729226 0.1221097046413502
0 0.3570783847980998 0.15746835443037974 0.03197149643705458 0.12843881856540085
0 0.395083135391924 0.15641350210970464 0.03433491686460804 0.12632911392405063
0 0.43485748218527315 0.16168776371308016 0.033147268408551034 0.12
0 0.49008313539192394 0.1669620253164557 0.03432304038004748 0.12632911392405063
0 0.5257125890736342 0.17751054852320675 0.031947743467933463 0.12632911392405063
0 0.589833729216152 0.16061181434599156 0.036686460807601004 0.13476793248945146
0 0.6414964370546318 0.15744725738396623 0.030736342042755473 0.13265822784810125
0 0.6925653206650831 0.15955696202531644 0.03309976247030866 0.1410970464135021
0 0.7739073634204275 0.1532278481012658 0.04140142517814715 0.13689873417721515
0 0.8190380047505939 0.14267932489451476 0.03663895486935856 0.145337552742616
0 0.8582185273159145 0.15744725738396623 0.02951306413301652 0.12845991561181433
0 0.8974109263657958 0.15219409282700422 0.03425178147268399 0.12213080168776373
0 0.9383847980997625 0.1469198312236287 0.04256532066508304 0.1368987341772152
0 0.1908194774346793 0.3673417721518987 0.08425178147268408 0.0671308016877637
0 0.40339667458432305 0.3557172995780591 0.03908551068883607 0.13253164556962024
0 0.4378266033254157 0.3536075949367089 0.03433491686460804 0.12831223628691982
0 0.4788004750593824 0.34516877637130805 0.03551068883610448 0.12411392405063287
0 0.5233372921615201 0.3567721518987342 0.03432304038004748 0.13042194092827003
0 0.6088361045130641 0.3641350210970464 0.04142517814726847 0.13675105485232067
0 0.6480285035629454 0.35044303797468357 0.03904988123515452 0.1262236286919831
0 0.6901900237529691 0.35147679324894515 0.03785035629453669 0.1283333333333333
0 0.7317458432304038 0.334620253164557 0.030724465558194646 0.1283333333333333
0 0.7750950118764846 0.3409493670886076 0.03427553444180511 0.12411392405063287
0 0.8119121140142518 0.3325105485232068 0.039014251781472574 0.1325738396624473
0 0.8528741092636579 0.33459915611814345 0.0425771971496436 0.12413502109704636
0 0.9833729216152018 0.34177215189873417 0.0332541567695962 0.12236286919831224
0 0.18428741092636577 0.6741983122362869 0.033182897862232774 0.12390295358649793
0 0.18013064133016626 0.8091772151898734 0.034370546318289785 0.12381856540084375
0 0.2662351543942993 0.665759493670886 0.03554631828978623 0.1365611814345992
0 0.34876484560570076 0.6889451476793249 0.0343467933491686 0.11124472573839667
0 0.30541567695961996 0.8313080168776372 0.03315914489311162 0.13014767932489438
0 0.395083135391924 0.6910548523206751 0.03671021377672205 0.1196835443037975
0 0.43485748218527315 0.6952742616033756 0.028396674584323003 0.11124472573839667
0 0.34757719714964375 0.8155063291139241 0.03197149643705458 0.12381856540084375
0 0.38914489311163897 0.8228691983122364 0.03908551068883607 0.1343670886075948
0 0.43307600950118763 0.8271097046413503 0.03671021377672205 0.12592827004219398
0 0.5162114014251781 0.665759493670886 0.03431116389548692 0.1365611814345992
0 0.599334916864608 0.6826371308016878 0.036674584323040445 0.1365611814345992
0 0.5162114014251781 0.8144514767932489 0.036686460807600935 0.12592827004219398
0 0.5571733966745843 0.8155063291139241 0.044999999999999984 0.14069620253164544
0 0.6450593824228028 0.6921097046413502 0.040237529691211534 0.12179324894514772
0 0.68187648456057 0.6878902953586498 0.03785035629453669 0.1218143459915612
0 0.7234323040380047 0.6805063291139241 0.03547505938242267 0.12814345991561182
0 0.7632185273159144 0.6689029535864979 0.02952494061757708 0.13447257383966246
0 0.8071615201900237 0.6720675105485232 0.03663895486935856 0.13236286919831225
0 0.8493111638954869 0.6920886075949367 0.035451306413301555 0.11759493670886077
0 0.678313539192399 0.8334177215189874 0.03785035629453669 0.13858649789029523
0 0.7210570071258907 0.8239240506329114 0.03785035629453669 0.13227848101265832
0 0.762624703087886 0.8102320675105485 0.040213776722090144 0.1301687763713081
0 0.7988479809976247 0.8218143459915612 0.03663895486935856 0.13227848101265832
0 0.930665083135392 0.8249578059071729 0.04137767220902603 0.1470464135021098
0 0.26089073634204274 0.8249789029535866 0.03198337292161521 0.1301265822784809
0 0.19438242280285034 0.15219409282700422 0.0367458432304038 0.11789029535864978
0 0.5547980997624703 0.6667721518987342 0.04980997624703094 0.13031645569620248
0 0.9164133016627078 0.4917721518987342 0.08175771971496427 0.07128691983122368