0 0.16627098321342923 0.17370212765957446 0.034700239808153475 0.11251063829787233
0 0.21183453237410071 0.17902127659574468 0.03949640287769784 0.11889361702127658
0 0.2585851318944844 0.16838297872340427 0.034688249400479626 0.12314893617021276
0 0.32932853717026384 0.17157446808510637 0.032278177458033526 0.129531914893617
0 0.3736930455635492 0.17051063829787233 0.03466426858513186 0.12740425531914892
0 0.4150479616306954 0.16944680851063829 0.03346522781774577 0.12102127659574467
0 0.4660071942446043 0.16625531914893618 0.03465227817745801 0.12740425531914892
0 0.5031774580335732 0.16625531914893618 0.03225419664268583 0.12740425531914892
0 0.5727098321342925 0.15348936170212765 0.03703836930455634 0.13591489361702128
0 0.6212709832134292 0.1545531914893617 0.0310311750599521 0.1337872340425532
0 0.670431654676259 0.1396595744680851 0.03341726618705023 0.1422978723404255
0 0.7585491606714628 0.13114893617021275 0.041798561151079015 0.13806382978723408
0 0.800515587529976 0.12263829787234043 0.0369904076738608 0.1465744680851064
0 0.8424700239808154 0.13114893617021275 0.029796163069544256 0.12955319148936173
0 0.8808393285371703 0.12585106382978722 0.03458033573141477 0.12317021276595745
0 0.9222062350119904 0.11202127659574468 0.04297362110311741 0.13806382978723405
0 0.16627098321342923 0.40661702127659577 0.0850599520383693 0.06770212765957445
0 0.32932853717026384 0.4289148936170213 0.03467625899280571 0.1378510638297873
0 0.37729016786570746 0.36300000000000004 0.03946043165467622 0.1336595744680851
0 0.41444844124700236 0.35874468085106387 0.03466426858513186 0.12940425531914893
0 0.4582134292565947 0.3523617021276596 0.0358513189448441 0.1251702127659574
0 0.5043764988009592 0.3576808510638298 0.03465227817745801 0.131531914893617
0 0.5894964028776978 0.35874468085106387 0.04182254196642685 0.13791489361702125
0 0.630263788968825 0.3491702127659575 0.03942446043165474 0.1272978723404255
0 0.6752278177458033 0.3395957446808511 0.03821342925659459 0.1294255319148936
0 0.7147841726618704 0.32685106382978724 0.031019184652278046 0.1294255319148936
0 0.7573501199040767 0.3289787234042553 0.03460431654676247 0.1251702127659574
0 0.7981175059952038 0.3140851063829787 0.039388489208632985 0.1337021276595745
0 0.8418705035971223 0.3140851063829787 0.042985611510791256 0.12519148936170216
0 0.9767505995203837 0.3087659574468085 0.036966426858513105 0.12306382978723408
0 0.16926858513189447 0.7139574468085107 0.033501199040767385 0.12495744680851067
0 0.1734652278177458 0.8458297872340426 0.034700239808153475 0.12487234042553179
0 0.2532014388489208 0.696936170212766 0.03588729016786572 0.13772340425531918
0 0.33532374100719425 0.7075744680851064 0.03467625899280571 0.11219148936170216
0 0.2975539568345324 0.855404255319149 0.03347721822541965 0.13125531914893604
0 0.384484412470024 0.7011914893617022 0.03706235011990404 0.12070212765957451
0 0.42464028776978413 0.7054468085106383 0.0286690647482014 0.11219148936170216
0 0.33892086330935256 0.8373404255319149 0.032278177458033526 0.12487234042553179
0 0.3856834532374101 0.8426382978723405 0.03946043165467622 0.13551063829787222
0 0.4288369304556355 0.838404255319149 0.03706235011990404 0.12699999999999986
0 0.5067745803357314 0.6756808510638298 0.03464028776978416 0.13772340425531918
0 0.5493285371702638 0.6831276595744681 0.03344124700239807 0.13985106382978726
0 0.5930935251798561 0.6884468085106383 0.03702637889688249 0.13772340425531918
0 0.5115707434052758 0.8362765957446808 0.03703836930455634 0.12699999999999986
0 0.552925659472422 0.8203191489361702 0.045431654676258974 0.14189361702127648
0 0.6368585131894484 0.6937659574468085 0.0406235011990409 0.12282978723404259
0 0.6764268585131894 0.6809999999999999 0.03821342925659459 0.12285106382978725
0 0.7195803357314149 0.6692978723404255 0.03581534772182241 0.1292340425531915
0 0.7585491606714628 0.6490851063829787 0.029808153477218106 0.13561702127659575
0 0.8041127098321343 0.6607872340425531 0.0369904076738608 0.1334893617021277
0 0.8490647482014388 0.6724893617021277 0.03579136690647471 0.11859574468085109
0 0.6788249400479616 0.8235106382978724 0.03821342925659459 0.1397659574468084
0 0.7219784172661871 0.8181914893617022 0.03821342925659459 0.13340425531914904
0 0.7639448441247002 0.8064893617021277 0.040599520383692925 0.13127659574468095
0 0.8065107913669065 0.8096808510638298 0.0369904076738608 0.13340425531914904
0 0.9383932853717026 0.7979787234042554 0.041774580335731316 0.14829787234042563
0 0.2673860911270983 0.9595744680851064 0.05995203836930456 0.08085106382978724