0 0.7462351543942993 0.15010548523206751 0.03912114014251788 0.11789029535864978
0 0.7023040380047506 0.150084388185654 0.03435866983372929 0.1221097046413502
0 0.6334204275534441 0.16168776371308016 0.03197149643705472 0.12843881856540085
0 0.5894774346793349 0.1648523206751055 0.03433491686460804 0.12632911392405063
0 0.5473277909738717 0.17012658227848101 0.033147268408551034 0.12
0 0.502790973871734 0.1648523206751055 0.03432304038004748 0.12632911392405063
0 0.46478622327790975 0.17751054852320675 0.031947743467933463 0.12632911392405063
0 0.3971021377672209 0.1732700421940928 0.036686460807601066 0.13476793248945146
0 0.3478147268408551 0.18276371308016875 0.030736342042755473 0.13265822784810125
0 0.30149643705463186 0.17432489451476793 0.03309976247030866 0.1410970464135021
0 0.21421615201900238 0.17432489451476793 0.04140142517814715 0.13689873417721515
0 0.17264845605700713 0.1701054852320675 0.03663895486935856 0.145337552742616
0 0.13228028503562944 0.17643459915611814 0.02951306413301652 0.12845991561181433
0 0.09071258907363419 0.19014767932489451 0.03425178147268399 0.12213080168776369
0 0.05092636579572446 0.18276371308016875 0.04256532066508304 0.13689873417721515
0 0.8020546318289786 0.36523206751054854 0.08425178147268415 0.0671308016877637
0 0.5942280285035629 0.3557172995780591 0.03908551068883607 0.13253164556962024
0 0.5597980997624703 0.3536075949367089 0.03433491686460804 0.12831223628691982
0 0.5152612826603326 0.3557172995780591 0.03551068883610448 0.12411392405063287
0 0.4707244655581948 0.36521097046413503 0.03432304038004748 0.13042194092827003
0 0.38997624703087885 0.3810126582278481 0.04142517814726854 0.13675105485232067
0 0.3472209026128266 0.36940928270042195 0.03904988123515452 0.1262236286919831
0 0.3050593824228029 0.3620253164556962 0.03785035629453669 0.1283333333333333
0 0.25994061757719716 0.36204641350210975 0.030724465558194646 0.1283333333333333
0 0.21896674584323042 0.36415611814345994 0.03427553444180511 0.12411392405063287
0 0.17977434679334917 0.3620253164556962 0.039014251781472574 0.1325738396624472
0 0.137624703087886 0.37468354430379747 0.0425771971496436 0.12413502109704636
0 0.014845605700712588 0.37130801687763715 0.029691211401425176 0.12236286919831224
0 0.8133372921615203 0.6741983122362869 0.033182897862232844 0.12390295358649793
0 0.8174940617577198 0.8091772151898734 0.03437054631828985 0.12381856540084375
0 0.7313895486935867 0.665759493670886 0.0355463182897863 0.1365611814345992
0 0.6488598574821852 0.6889451476793249 0.03434679334916873 0.11124472573839667
0 0.692209026128266 0.8313080168776372 0.033159144893111725 0.13014767932489438
0 0.602541567695962 0.6910548523206751 0.03671021377672205 0.1196835443037975
0 0.5627672209026129 0.6952742616033756 0.028396674584323003 0.11124472573839667
0 0.6500475059382422 0.8155063291139241 0.03197149643705472 0.12381856540084375
0 0.608479809976247 0.8228691983122364 0.039085510688836 0.1343670886075948
0 0.5645486935866983 0.8271097046413503 0.03671021377672205 0.12592827004219398
0 0.48141330166270785 0.665759493670886 0.03431116389548692 0.1365611814345992
0 0.3128028503562945 0.529789029535865 0.06994061757719727 0.08386075949367089
0 0.39828978622327793 0.6826371308016878 0.03667458432304051 0.1365611814345992
0 0.48141330166270785 0.8271097046413503 0.036686460807600935 0.12592827004219398
0 0.44163895486935867 0.8239451476793249 0.044999999999999984 0.14069620253164544
0 0.3537529691211402 0.708987341772152 0.040237529691211534 0.12179324894514772
0 0.31574821852731594 0.6963291139240506 0.03785035629453669 0.1218143459915612
0 0.27419239904988124 0.6931645569620253 0.03547505938242267 0.12814345991561182
0 0.2344061757719715 0.6857805907172996 0.02952494061757708 0.13447257383966246
0 0.19046318289786224 0.6889451476793249 0.03663895486935856 0.13236286919831225
0 0.14593824228028504 0.7110759493670886 0.035451306413301555 0.11759493670886077
0 0.31931116389548697 0.8334177215189874 0.03785035629453669 0.13858649789029523
0 0.2789429928741093 0.8408016877637131 0.03785035629453669 0.13227848101265832
0 0.233812351543943 0.8291983122362869 0.040213776722090144 0.1301687763713081
0 0.19758907363420428 0.8450210970464136 0.03663895486935856 0.13227848101265832
0 0.06814726840855106 0.8418354430379746 0.04137767220902603 0.1470464135021098
0 0.7367339667458432 0.8249789029535866 0.03198337292161528 0.1301265822784809
0 0.20190023752969122 0.9778481012658228 0.07600950118764846 0.04430379746835443
0 0.7925534441805226 0.14375527426160337 0.03674584323040386 0.11789029535864978
0 0.22802850356294538 0.03375527426160337 0.057007125890736345 0.06751054852320675
0 0.8073990498812352 0.5307805907172995 0.07118764845605707 0.0733755274261604