0 0.818462441314554 0.17008333333333334 0.033967136150234806 0.11016666666666666
0 0.7738615023474179 0.17529166666666668 0.03866197183098598 0.11641666666666665
0 0.7280985915492958 0.164875 0.03395539906103294 0.12058333333333332
0 0.6588497652582158 0.168 0.03159624413145549 0.12683333333333333
0 0.6154225352112676 0.16695833333333335 0.03393192488262901 0.12474999999999999
0 0.5749413145539907 0.16591666666666666 0.03275821596244128 0.1185
0 0.5250586854460094 0.16279166666666667 0.0339201877934272 0.12474999999999999
0 0.4886737089201878 0.16279166666666667 0.03157276995305162 0.12474999999999999
0 0.4206103286384977 0.15029166666666666 0.036255868544600924 0.13308333333333333
0 0.37307511737089205 0.15133333333333335 0.03037558685446022 0.13099999999999998
0 0.3249530516431925 0.13675 0.03271126760563368 0.13933333333333334
0 0.23869718309859156 0.12841666666666668 0.04091549295774636 0.13518750000000004
0 0.19761737089201878 0.12008333333333333 0.03620892018779332 0.14352083333333338
0 0.15654929577464788 0.12841666666666668 0.02916666666666656 0.12685416666666668
0 0.11899061032863849 0.12322916666666667 0.03384976525821587 0.12060416666666667
0 0.07849765258215961 0.1096875 0.04206572769953042 0.1351875
0 0.818462441314554 0.39814583333333337 0.08326291079812213 0.06629166666666665
0 0.6588497652582158 0.37 0.033943661971831074 0.1349791666666667
0 0.6119014084507042 0.3554375 0.03862676056338018 0.130875
0 0.5755281690140845 0.35127083333333337 0.03393192488262907 0.1267083333333333
0 0.53268779342723 0.3450208333333334 0.035093896713615 0.12256249999999996
0 0.48750000000000004 0.3502291666666667 0.0339201877934272 0.12879166666666667
0 0.40417840375586855 0.35127083333333337 0.04093896713615036 0.13504166666666664
0 0.36427230046948356 0.34189583333333334 0.038591549295774775 0.1246458333333333
0 0.3202582159624413 0.3325208333333334 0.03740610328638485 0.12672916666666664
0 0.281537558685446 0.32004166666666667 0.030363849765258088 0.12672916666666664
0 0.23987089201877934 0.322125 0.0338732394366196 0.12256249999999996
0 0.19996478873239437 0.30754166666666666 0.03855633802816891 0.13091666666666674
0 0.15713615023474178 0.30754166666666666 0.04207746478873229 0.1225833333333334
0 0.03332159624413144 0.29608333333333337 0.03618544600938959 0.12050000000000007
0 0.8155281690140845 0.6990833333333334 0.03279342723004701 0.12235416666666671
0 0.8114201877934273 0.8282083333333333 0.033967136150234806 0.1222708333333332
0 0.733368544600939 0.6824166666666667 0.03512910798122073 0.1348541666666667
0 0.6529812206572769 0.6928333333333333 0.033943661971831074 0.10985416666666671
0 0.6899530516431924 0.8375833333333333 0.03276995305164328 0.12852083333333322
0 0.6048591549295773 0.6865833333333333 0.03627934272300459 0.11818750000000004
0 0.5655516431924883 0.69075 0.028063380281690104 0.10985416666666671
0 0.6494600938967136 0.8198958333333334 0.03159624413145549 0.1222708333333332
0 0.6036854460093896 0.8250833333333334 0.03862676056338018 0.13268749999999987
0 0.561443661971831 0.8209375 0.036279342723004655 0.12435416666666654
0 0.4851525821596244 0.6616041666666667 0.03390845070422534 0.1348541666666667
0 0.4434976525821596 0.6688958333333334 0.03273474178403754 0.13693750000000005
0 0.4006572769953052 0.6741041666666666 0.03624413145539919 0.1348541666666667
0 0.4804577464788733 0.8188541666666667 0.036255868544600924 0.12435416666666654
0 0.43997652582159624 0.8032291666666667 0.04447183098591548 0.13893749999999988
0 0.35781690140845074 0.6793125 0.03976525821596257 0.12027083333333337
0 0.31908450704225355 0.6668125 0.03740610328638485 0.12029166666666669
0 0.27684272300469487 0.6553541666666667 0.03505868544600926 0.1265416666666667
0 0.23869718309859156 0.6355625 0.029178403755868425 0.1327916666666667
0 0.1940962441314554 0.6470208333333333 0.03620892018779332 0.13070833333333334
0 0.150093896713615 0.6584791666666666 0.035035211267605525 0.11612500000000002
0 0.31673708920187793 0.8063541666666667 0.03740610328638485 0.13685416666666655
0 0.27449530516431925 0.8011458333333333 0.03740610328638485 0.1306250000000001
0 0.2334154929577465 0.7896875 0.03974178403755857 0.12854166666666675
0 0.1917488262910798 0.7928125 0.03620892018779332 0.1306250000000001
0 0.06852112676056338 0.7688541666666667 0.04089201877934263 0.14520833333333344
0 0.7656455399061033 0.96375 0.06211267605633811 0.07249999999999991