0 0.1741923990498812 0.1659071729957806 0.034370546318289785 0.11156118143459914
0 0.2193230403800475 0.1711814345991561 0.03912114014251781 0.11789029535864978
0 0.2656294536817102 0.16063291139240507 0.034358669833729226 0.1221097046413502
0 0.3357007125890737 0.16379746835443038 0.03197149643705458 0.12843881856540085
0 0.37964370546318293 0.16274261603375528 0.03433491686460804 0.12632911392405063
0 0.42060570071258907 0.16168776371308016 0.033147268408551034 0.12
0 0.4710807600950119 0.15852320675105486 0.03432304038004748 0.12632911392405063
0 0.5078978622327791 0.15852320675105486 0.031947743467933463 0.12632911392405063
0 0.576769596199525 0.14586497890295358 0.036686460807600935 0.13476793248945146
0 0.6248693586698337 0.1469198312236287 0.030736342042755473 0.13265822784810125
0 0.673562945368171 0.1321518987341772 0.03309976247030866 0.1410970464135021
0 0.7608432304038004 0.12371308016877637 0.04140142517814715 0.1368987341772152
0 0.8024109263657957 0.11527426160337553 0.03663895486935856 0.14533755274261606
0 0.8439667458432304 0.12371308016877637 0.02951306413301652 0.12845991561181436
0 0.8819714964370546 0.11845991561181435 0.03425178147268399 0.12213080168776372
0 0.9229453681710214 0.10474683544303798 0.04256532066508304 0.13689873417721518
0 0.17300475059382422 0.3968565400843882 0.08425178147268408 0.0671308016877637
0 0.3345130641330167 0.42951476793248944 0.0343467933491686 0.13668776371308022
0 0.38320665083135397 0.3536075949367089 0.03908551068883607 0.13253164556962024
0 0.42001187648456056 0.3493881856540085 0.03433491686460804 0.12831223628691982
0 0.4633610451306413 0.3430590717299578 0.03551068883610448 0.12411392405063287
0 0.5090855106888361 0.3483333333333334 0.03432304038004748 0.13042194092827003
0 0.593396674584323 0.3493881856540085 0.04142517814726847 0.13675105485232067
0 0.6337767220902613 0.33989451476793253 0.03904988123515452 0.1262236286919831
0 0.678313539192399 0.3304008438818566 0.03785035629453669 0.1283333333333333
0 0.7174940617577197 0.31776371308016876 0.030724465558194646 0.1283333333333333
0 0.7596555819477434 0.319873417721519 0.03427553444180511 0.12411392405063287
0 0.8000356294536817 0.30510548523206754 0.039014251781472574 0.1325738396624473
0 0.8433729216152019 0.30510548523206754 0.0425771971496436 0.12413502109704645
0 0.9769714964370546 0.29983122362869197 0.03661520190023744 0.12202531645569624
0 0.17716152019002374 0.7016033755274261 0.033182897862232774 0.12390295358649793
0 0.18131828978622327 0.8323628691983123 0.034370546318289785 0.12381856540084375
0 0.26029691211401423 0.6847257383966244 0.03554631828978623 0.1365611814345992
0 0.2573277909738717 0.8587130801687763 0.034358669833729226 0.13436708860759505
0 0.3416389548693587 0.6952742616033756 0.0343467933491686 0.11124472573839667
0 0.30422802850356295 0.8418565400843883 0.03315914489311162 0.13014767932489438
0 0.390332541567696 0.6889451476793249 0.03671021377672205 0.1196835443037975
0 0.4301068883610451 0.6931645569620253 0.028396674584323003 0.11124472573839667
0 0.3452019002375297 0.8239451476793249 0.03197149643705458 0.12381856540084375
0 0.391520190023753 0.8291983122362869 0.03908551068883607 0.1343670886075948
0 0.43426365795724464 0.8250000000000001 0.03671021377672205 0.12592827004219398
0 0.5114608076009501 0.6636497890295359 0.03431116389548692 0.1365611814345992
0 0.5536104513064133 0.6710337552742616 0.033123515439429915 0.1386708860759494
0 0.596959619952494 0.6763080168776371 0.036674584323040445 0.1365611814345992
0 0.5162114014251781 0.8228902953586498 0.036686460807600935 0.12592827004219398
0 0.5571733966745843 0.8070675105485232 0.044999999999999984 0.14069620253164544
0 0.6403087885985748 0.6815822784810126 0.040237529691211534 0.12179324894514772
0 0.679501187648456 0.6689240506329114 0.03785035629453669 0.1218143459915612
0 0.7234323040380047 0.6594303797468354 0.03547505938242267 0.12814345991561182
0 0.7667814726840855 0.6436075949367088 0.02952494061757708 0.13447257383966246
0 0.8059738717339667 0.6488818565400843 0.03663895486935856 0.13236286919831225
0 0.8504988123515439 0.6604852320675105 0.035451306413301555 0.11759493670886077
0 0.68187648456057 0.8102320675105485 0.03785035629453669 0.13858649789029523
0 0.7246199524940617 0.804957805907173 0.03785035629453669 0.13227848101265832
0 0.766187648456057 0.7933544303797468 0.040213776722090144 0.1301687763713081
0 0.8083491686460808 0.7965189873417722 0.03663895486935856 0.13227848101265832
0 0.938978622327791 0.784915611814346 0.04137767220902603 0.1470464135021098