0 0.2140602409638554 0.15697424892703865 0.039686746987951806 0.11991416309012874
0 0.26103614457831326 0.15909871244635193 0.034855421686747 0.12420600858369098
0 0.3321204819277109 0.16231759656652361 0.032433734939758985 0.13064377682403433
0 0.3742891566265061 0.15909871244635193 0.03483132530120478 0.1284978540772532
0 0.4206626506024096 0.16446351931330472 0.03362650602409635 0.12206008583690986
0 0.46945783132530117 0.16339055793991417 0.03481927710843371 0.1284978540772532
0 0.5068072289156627 0.17412017167381974 0.03240963855421684 0.1284978540772532
0 0.580289156626506 0.16336909871244634 0.037216867469879504 0.13708154506437767
0 0.6326987951807229 0.16015021459227466 0.031180722891566398 0.13493562231759657
0 0.6772771084337349 0.15585836909871242 0.033578313253011915 0.143519313304721
0 0.7646144578313253 0.1365450643776824 0.04199999999999988 0.13924892703862657
0 0.8067831325301205 0.13010729613733907 0.03716867469879507 0.14783261802575107
0 0.8513493975903614 0.14512875536480685 0.02993975903614447 0.13066523605150213
0 0.8911084337349398 0.1397854077253219 0.03474698795180713 0.12422746781115881
0 0.9314698795180723 0.12156652360515022 0.043180722891566166 0.13924892703862662
0 0.16827710843373492 0.3865236051502146 0.08546987951807229 0.06828326180257509
0 0.3827228915662651 0.35753218884120175 0.03965060240963852 0.13480686695278968
0 0.4200602409638554 0.35967811158798285 0.03483132530120478 0.13051502145922744
0 0.4628313253012048 0.34465665236051507 0.03602409638554214 0.126244635193133
0 0.5031927710843374 0.35645922746781117 0.03481927710843371 0.13266094420600857
0 0.5899277108433735 0.35751072961373387 0.042024096385542165 0.1390987124463519
0 0.6369156626506024 0.35431330472103006 0.03961445783132543 0.12839055793991414
0 0.6772771084337349 0.340343347639485 0.03839759036144565 0.13053648068669524
0 0.7242530120481928 0.3403648068669528 0.03116867469879505 0.13053648068669524
0 0.7634096385542168 0.33178111587982834 0.034771084337349274 0.126244635193133
0 0.805578313253012 0.3382188841201717 0.03957831325301194 0.13484978540772535
0 0.847132530120482 0.340343347639485 0.043192771084337236 0.1262660944206008
0 0.9802289156626507 0.3157081545064378 0.03713253012048185 0.12412017167381978
0 0.16526506024096385 0.6965021459227467 0.03366265060240964 0.126030042918455
0 0.16586746987951806 0.8380901287553648 0.03486746987951807 0.12594420600858355
0 0.24839759036144576 0.6943562231759657 0.03606024096385543 0.13890557939914167
0 0.33453012048192776 0.7093562231759657 0.03484337349397586 0.11315450643776828
0 0.2917590361445783 0.8498712446351931 0.033638554216867456 0.13238197424892692
0 0.3827228915662651 0.7029184549356223 0.037240963855421645 0.12173819742489274
0 0.4230722891566265 0.7072103004291845 0.028807228915662612 0.11315450643776828
0 0.33453012048192776 0.840236051502146 0.032433734939758985 0.12594420600858355
0 0.3779036144578314 0.8369957081545065 0.03965060240963852 0.13667381974248916
0 0.42126506024096383 0.8413090128755365 0.037240963855421645 0.12809012875536469
0 0.5056024096385542 0.6771888412017167 0.03480722891566263 0.13890557939914167
0 0.5899277108433735 0.6900643776824035 0.03720481927710843 0.13890557939914167
0 0.5056024096385542 0.8284334763948498 0.037216867469879504 0.12809012875536469
0 0.547156626506024 0.8295064377682404 0.04565060240963854 0.1431115879828325
0 0.6363132530120482 0.7039914163090129 0.0408192771084338 0.12388412017167386
0 0.6736626506024096 0.6996995708154506 0.03839759036144565 0.12390557939914165
0 0.7158192771084337 0.6921888412017168 0.03598795180722878 0.130343347639485
0 0.7616024096385542 0.6739484978540773 0.033566265060240845 0.13678111587982836
0 0.7983493975903614 0.6664592274678112 0.03716867469879507 0.13463519313304723
0 0.8483373493975903 0.6846781115879829 0.03596385542168664 0.11961373390557942
0 0.6736626506024096 0.8219742489270386 0.03839759036144565 0.14096566523605136
0 0.7134096385542169 0.838068669527897 0.03839759036144565 0.13454935622317607
0 0.7555783132530121 0.8241416309012876 0.04079518072289145 0.13240343347639494
0 0.7947349397590361 0.818755364806867 0.03716867469879507 0.13454935622317607
0 0.9356867469879518 0.8047854077253218 0.04197590361445773 0.14957081545064388
0 0.2465903614457831 0.8455793991416309 0.03244578313253013 0.13236051502145912
0 0.1706867469879518 0.16124463519313303 0.03727710843373494 0.11991416309012874
0 0.5447469879518072 0.6782188841201717 0.05053012048192777 0.13255364806866948
0 0.32856626506024095 0.46480686695278967 0.05403614457831328 0.13469957081545061