0 0.17741050119331742 0.15389830508474575 0.0345346062052506 0.11203389830508474
0 0.22036992840095465 0.15495762711864408 0.03930787589498806 0.11838983050847457
0 0.27047732696897375 0.14436440677966103 0.03452267303102626 0.12262711864406779
0 0.34088305489260146 0.15389830508474575 0.03212410501193313 0.12898305084745762
0 0.38026252983293557 0.15072033898305084 0.03449880668257753 0.12686440677966102
0 0.42261336515513126 0.15389830508474575 0.03330548926014316 0.12050847457627117
0 0.4721360381861575 0.14648305084745764 0.034486873508353194 0.12686440677966102
0 0.5115155131264916 0.15072033898305084 0.03210023866348446 0.12686440677966102
0 0.5795226730310262 0.1380084745762712 0.036861575178997595 0.13533898305084746
0 0.6302386634844869 0.13271186440677965 0.030883054892601562 0.13322033898305083
0 0.6791646778042959 0.12423728813559322 0.03325775656324569 0.14169491525423727
0 0.7668615751789976 0.11576271186440679 0.04159904534606193 0.13747881355932207
0 0.8098210023866348 0.10728813559322034 0.03681384248210013 0.1459533898305085
0 0.850381861575179 0.11788135593220339 0.029653937947493925 0.12900423728813562
0 0.8897613365155131 0.11048728813559322 0.03441527446300706 0.12264830508474577
0 0.9297374701670644 0.09883474576271187 0.04276849642004763 0.13747881355932204
0 0.17621718377088305 0.3794703389830509 0.08465393794749403 0.06741525423728813
0 0.33133651551312654 0.3974788135593221 0.03451073985680186 0.13726694915254242
0 0.3850357995226731 0.3466313559322034 0.039272076372315 0.13309322033898305
0 0.42559665871121716 0.3445127118644068 0.03449880668257753 0.1288559322033898
0 0.46676610978520283 0.3360381355932204 0.035680190930787566 0.12463983050847455
0 0.512708830548926 0.3434533898305085 0.034486873508353194 0.13097457627118642
0 0.5974224343675417 0.3423940677966102 0.0416229116945108 0.13733050847457626
0 0.6379952267303103 0.33286016949152547 0.039236276849642135 0.12675847457627115
0 0.6815513126491647 0.3254449152542373 0.038031026252983165 0.12887711864406776
0 0.7221121718377088 0.310635593220339 0.030871121718376957 0.12887711864406776
0 0.7644749403341289 0.310635593220339 0.03443914081145573 0.12463983050847455
0 0.8074343675417661 0.29792372881355933 0.039200477326968866 0.13313559322033902
0 0.8485918854415274 0.30216101694915254 0.04278042959427197 0.12466101694915258
0 0.9815035799522673 0.2923728813559322 0.03699284009546539 0.1228813559322034
0 0.1744272076372315 0.6961016949152542 0.033341288782816225 0.12442796610169496
0 0.17860381861575178 0.8274152542372882 0.0345346062052506 0.12434322033898293
0 0.2579594272076372 0.6791525423728814 0.035715990453460626 0.1371398305084746
0 0.25855608591885443 0.8327118644067797 0.03452267303102626 0.13493644067796598
0 0.3444630071599046 0.691864406779661 0.03451073985680186 0.11171610169491529
0 0.3021002386634845 0.8369491525423729 0.03331742243436753 0.13069915254237274
0 0.38861575178997615 0.6833898305084746 0.036885441527446265 0.12019067796610174
0 0.42857995226730305 0.6876271186440678 0.02853221957040569 0.11171610169491529
0 0.3432696897374702 0.8189618644067796 0.03212410501193313 0.12434322033898293
0 0.38980906921241054 0.8242372881355933 0.039272076372315 0.13493644067796598
0 0.43275656324582334 0.820021186440678 0.036885441527446265 0.12646186440677953
0 0.5139021479713604 0.6601059322033899 0.03447494033412886 0.1371398305084746
0 0.5550596658711217 0.6654025423728813 0.033281622911694494 0.13925847457627122
0 0.5962291169451074 0.6706991525423729 0.03684964200477333 0.1371398305084746
0 0.5150954653937947 0.8179025423728814 0.036861575178997595 0.12646186440677953
0 0.5562529832935561 0.8020127118644068 0.04521479713603817 0.1412923728813558
0 0.6397852028639618 0.6759957627118643 0.0404295942720765 0.12230932203389834
0 0.6791646778042959 0.6632838983050847 0.038031026252983165 0.12233050847457629
0 0.7233054892601432 0.6537499999999999 0.03564439140811443 0.1286864406779661
0 0.7668615751789976 0.6378601694915255 0.029665871121718257 0.13504237288135595
0 0.8062410501193318 0.6431567796610169 0.03681384248210013 0.13292372881355935
0 0.8509785202863962 0.6548093220338983 0.035620525059665765 0.11809322033898308
0 0.6815513126491647 0.8051906779661017 0.038031026252983165 0.1391737288135592
0 0.7244988066825776 0.7998940677966102 0.038031026252983165 0.13283898305084754
0 0.7662649164677804 0.7882415254237288 0.040405727923627566 0.13072033898305094
0 0.8086276849642005 0.7914194915254238 0.03681384248210013 0.13283898305084754
0 0.9398806682577566 0.7797669491525424 0.04157517899761327 0.14766949152542383