0 0.181537558685446 0.17008333333333334 0.033967136150234736 0.11016666666666666
0 0.22613849765258215 0.17529166666666668 0.038661971830985915 0.11641666666666665
0 0.2719014084507042 0.164875 0.03395539906103287 0.12058333333333332
0 0.3411502347417841 0.168 0.03159624413145535 0.12683333333333333
0 0.38457746478873245 0.16695833333333335 0.03393192488262907 0.12474999999999999
0 0.4250586854460094 0.16591666666666666 0.03275821596244128 0.1185
0 0.4749413145539906 0.16279166666666667 0.0339201877934272 0.12474999999999999
0 0.5113262910798122 0.16279166666666667 0.03157276995305162 0.12474999999999999
0 0.5793896713615023 0.15029166666666666 0.036255868544600924 0.13308333333333333
0 0.626924882629108 0.15133333333333335 0.03037558685446022 0.13099999999999998
0 0.6750469483568075 0.13675 0.03271126760563368 0.13933333333333334
0 0.7613028169014084 0.12841666666666668 0.04091549295774636 0.13518750000000004
0 0.8023826291079812 0.12008333333333333 0.03620892018779332 0.14352083333333338
0 0.8434507042253521 0.12841666666666668 0.02916666666666656 0.12685416666666668
0 0.8810093896713616 0.12322916666666667 0.03384976525821587 0.12060416666666667
0 0.9215023474178404 0.1096875 0.04206572769953042 0.1351875
0 0.181537558685446 0.39814583333333337 0.08326291079812206 0.06629166666666665
0 0.3376291079812207 0.3908125 0.033943661971830935 0.1349791666666667
0 0.3880985915492958 0.3554375 0.03862676056338024 0.130875
0 0.42447183098591545 0.35127083333333337 0.03393192488262907 0.1267083333333333
0 0.46731220657276995 0.3450208333333334 0.035093896713615 0.12256249999999996
0 0.5125 0.3502291666666667 0.0339201877934272 0.12879166666666667
0 0.5958215962441314 0.35127083333333337 0.0409389671361503 0.13504166666666664
0 0.6357276995305164 0.34189583333333334 0.038591549295774775 0.1246458333333333
0 0.6797417840375587 0.3325208333333334 0.03740610328638485 0.12672916666666664
0 0.718462441314554 0.32004166666666667 0.030363849765258088 0.12672916666666664
0 0.7601291079812207 0.322125 0.0338732394366196 0.12256249999999996
0 0.8000352112676057 0.30754166666666666 0.03855633802816891 0.1309166666666667
0 0.8428638497652582 0.30754166666666666 0.04207746478873229 0.12258333333333336
0 0.9748943661971831 0.30233333333333334 0.03618544600938959 0.12050000000000004
0 0.1844718309859155 0.6990833333333334 0.03279342723004695 0.12235416666666671
0 0.18857981220657274 0.8282083333333333 0.033967136150234736 0.1222708333333332
0 0.266631455399061 0.6824166666666667 0.03512910798122067 0.1348541666666667
0 0.347018779342723 0.6928333333333333 0.033943661971830935 0.10985416666666671
0 0.3100469483568075 0.8375833333333333 0.03276995305164318 0.12852083333333322
0 0.3951408450704226 0.6865833333333333 0.036279342723004655 0.11818750000000004
0 0.4344483568075117 0.69075 0.028063380281690104 0.10985416666666671
0 0.3505399061032864 0.8198958333333334 0.03159624413145535 0.1222708333333332
0 0.3963145539906104 0.8250833333333334 0.03862676056338024 0.13268749999999987
0 0.438556338028169 0.8209375 0.036279342723004655 0.12435416666666654
0 0.5148474178403756 0.6616041666666667 0.03390845070422534 0.1348541666666667
0 0.5565023474178403 0.6688958333333334 0.03273474178403754 0.13693750000000005
0 0.5993427230046948 0.6741041666666666 0.03624413145539912 0.1348541666666667
0 0.5195422535211267 0.8188541666666667 0.036255868544600924 0.12435416666666654
0 0.5600234741784037 0.8032291666666667 0.04447183098591548 0.13893749999999988
0 0.6421830985915493 0.6793125 0.03976525821596257 0.12027083333333337
0 0.6809154929577464 0.6668125 0.03740610328638485 0.12029166666666669
0 0.7231572769953052 0.6553541666666667 0.03505868544600926 0.1265416666666667
0 0.7613028169014084 0.6355625 0.029178403755868425 0.1327916666666667
0 0.8059037558685446 0.6470208333333333 0.03620892018779332 0.13070833333333334
0 0.8499061032863849 0.6584791666666666 0.035035211267605525 0.11612500000000002
0 0.6832629107981221 0.8063541666666667 0.03740610328638485 0.13685416666666655
0 0.7255046948356807 0.8011458333333333 0.03740610328638485 0.1306250000000001
0 0.7665845070422536 0.7896875 0.03974178403755857 0.12854166666666675
0 0.8082511737089202 0.7928125 0.03620892018779332 0.1306250000000001
0 0.9373474178403756 0.7813541666666667 0.04089201877934263 0.14520833333333344
0 0.2977230046948357 0.96375 0.062112676056338044 0.07249999999999991