0 0.823782816229117 0.1644915254237288 0.03453460620525066 0.11203389830508474
0 0.7784367541766111 0.16978813559322034 0.03930787589498813 0.11838983050847457
0 0.731909307875895 0.1591949152542373 0.03452267303102633 0.12262711864406779
0 0.6615035799522672 0.1623728813559322 0.03212410501193326 0.12898305084745762
0 0.6173508353221956 0.1613135593220339 0.03449880668257746 0.12686440677966102
0 0.5761933174224344 0.1602542372881356 0.03330548926014316 0.12050847457627117
0 0.5254773269689738 0.15707627118644069 0.034486873508353194 0.12686440677966102
0 0.4884844868735084 0.15707627118644069 0.03210023866348446 0.12686440677966102
0 0.4192840095465394 0.14436440677966103 0.036861575178997595 0.13533898305084746
0 0.3709546539379475 0.14542372881355933 0.030883054892601562 0.13322033898305083
0 0.32202863961813843 0.13059322033898305 0.03325775656324569 0.14169491525423727
0 0.23433174224343675 0.12211864406779661 0.04159904534606193 0.13747881355932207
0 0.19256563245823388 0.11364406779661017 0.03681384248210013 0.1459533898305085
0 0.15081145584725536 0.12211864406779661 0.029653937947493925 0.12900423728813562
0 0.1126252983293556 0.11684322033898305 0.03441527446300706 0.12264830508474577
0 0.07145584725536992 0.10307203389830508 0.04276849642004763 0.13747881355932204
0 0.823782816229117 0.3964194915254238 0.0846539379474941 0.06741525423728813
0 0.6615035799522672 0.3677966101694915 0.034510739856801996 0.13726694915254242
0 0.6137708830548925 0.35298728813559327 0.03927207637231493 0.13309322033898305
0 0.5767899761336516 0.34875 0.03449880668257753 0.1288559322033898
0 0.5332338902147972 0.3423940677966102 0.035680190930787566 0.12463983050847455
0 0.48729116945107404 0.3476906779661017 0.034486873508353194 0.13097457627118642
0 0.4025775656324582 0.34875 0.04162291169451087 0.13733050847457626
0 0.3620047732696898 0.3392161016949153 0.039236276849642135 0.12675847457627115
0 0.317255369928401 0.32968220338983056 0.038031026252983165 0.12887711864406776
0 0.2778878281622912 0.3169915254237288 0.030871121718376957 0.12887711864406776
0 0.23552505966587112 0.31911016949152543 0.03443914081145573 0.12463983050847455
0 0.19495226730310264 0.30427966101694914 0.039200477326968866 0.13313559322033905
0 0.15140811455847256 0.30427966101694914 0.04278042959427197 0.1246610169491526
0 0.025525059665871104 0.2926271186440678 0.03678997613365147 0.122542372881356
0 0.820799522673031 0.7024576271186441 0.033341288782816295 0.12442796610169496
0 0.8166229116945107 0.833771186440678 0.03453460620525066 0.12434322033898293
0 0.7372673031026253 0.6855084745762712 0.035715990453460696 0.1371398305084746
0 0.6555369928400954 0.6961016949152542 0.034510739856801996 0.11171610169491529
0 0.693126491646778 0.8433050847457627 0.03331742243436763 0.13069915254237274
0 0.6066109785202863 0.6897457627118644 0.036885441527446265 0.12019067796610174
0 0.5666467780429595 0.6939830508474576 0.02853221957040569 0.11171610169491529
0 0.6519570405727922 0.8253177966101695 0.03212410501193326 0.12434322033898293
0 0.605417661097852 0.8305932203389831 0.039272076372315 0.13493644067796598
0 0.5624701670644392 0.8263771186440678 0.036885441527446265 0.12646186440677953
0 0.48490453460620525 0.6643432203389831 0.03447494033412886 0.1371398305084746
0 0.44255369928400956 0.6717584745762711 0.033281622911694494 0.13925847457627122
0 0.39899761336515516 0.6770550847457627 0.0368496420047734 0.1371398305084746
0 0.4801312649164678 0.8242584745762712 0.036861575178997595 0.12646186440677953
0 0.43897374701670644 0.8083686440677966 0.04521479713603817 0.1412923728813558
0 0.35544152744630075 0.6823516949152543 0.0404295942720765 0.12230932203389834
0 0.3160620525059666 0.6696398305084745 0.038031026252983165 0.12233050847457629
0 0.2731145584725537 0.6579872881355932 0.03564439140811443 0.1286864406779661
0 0.23433174224343675 0.6378601694915255 0.029665871121718257 0.13504237288135595
0 0.1889856801909308 0.6495127118644067 0.03681384248210013 0.13292372881355935
0 0.14424821002386634 0.6611652542372881 0.035620525059665765 0.11809322033898308
0 0.31367541766109786 0.8115466101694916 0.038031026252983165 0.1391737288135592
0 0.270727923627685 0.80625 0.038031026252983165 0.13283898305084754
0 0.2289618138424821 0.7945974576271186 0.040405727923627566 0.13072033898305094
0 0.18659904534606206 0.7977754237288136 0.03681384248210013 0.13283898305084754
0 0.061312649164677796 0.7734110169491526 0.04157517899761327 0.14766949152542383
0 0.7702863961813843 0.9671610169491526 0.06324582338902147 0.06567796610169492