0 0.7521733966745844 0.15010548523206751 0.03912114014251788 0.11789029535864978
0 0.7082422802850357 0.150084388185654 0.03435866983372929 0.1221097046413502
0 0.6393586698337291 0.16168776371308016 0.03197149643705472 0.12843881856540085
0 0.5954156769596199 0.1648523206751055 0.03433491686460804 0.12632911392405063
0 0.5532660332541568 0.17012658227848101 0.033147268408551034 0.12
0 0.508729216152019 0.1648523206751055 0.03432304038004748 0.12632911392405063
0 0.4707244655581948 0.17751054852320675 0.031947743467933463 0.12632911392405063
0 0.403040380047506 0.1732700421940928 0.036686460807601066 0.13476793248945146
0 0.3537529691211402 0.18276371308016875 0.030736342042755473 0.13265822784810125
0 0.30743467933491686 0.17432489451476793 0.03309976247030866 0.1410970464135021
0 0.2201543942992874 0.17432489451476793 0.04140142517814715 0.13689873417721515
0 0.17858669833729215 0.1701054852320675 0.03663895486935856 0.145337552742616
0 0.1382185273159145 0.17643459915611814 0.02951306413301652 0.12845991561181433
0 0.09665083135391923 0.1711814345991561 0.03425178147268399 0.12213080168776375
0 0.056864608076009494 0.16168776371308016 0.04256532066508304 0.1368987341772152
0 0.8079928741092637 0.36523206751054854 0.08425178147268415 0.0671308016877637
0 0.600166270783848 0.3557172995780591 0.03908551068883607 0.13253164556962024
0 0.5657363420427554 0.3536075949367089 0.03433491686460804 0.12831223628691982
0 0.5211995249406176 0.3557172995780591 0.03551068883610448 0.12411392405063287
0 0.47666270783847986 0.36521097046413503 0.03432304038004748 0.13042194092827003
0 0.3947268408551069 0.3641350210970464 0.04142517814726854 0.13675105485232067
0 0.3531591448931117 0.36940928270042195 0.03904988123515452 0.1262236286919831
0 0.3109976247030879 0.3620253164556962 0.03785035629453669 0.1283333333333333
0 0.2706294536817102 0.3493881856540085 0.030724465558194646 0.1283333333333333
0 0.22490498812351545 0.36415611814345994 0.03427553444180511 0.12411392405063287
0 0.18571258907363422 0.3620253164556962 0.039014251781472574 0.1325738396624472
0 0.14712589073634202 0.35780590717299576 0.0425771971496436 0.12413502109704636
0 0.01830166270783844 0.3609704641350211 0.03660332541567688 0.12202531645569616
0 0.8192755344418052 0.6741983122362869 0.033182897862232844 0.12390295358649793
0 0.8234323040380048 0.8091772151898734 0.03437054631828985 0.12381856540084375
0 0.7373277909738718 0.665759493670886 0.0355463182897863 0.1365611814345992
0 0.6547980997624702 0.6889451476793249 0.03434679334916873 0.11124472573839667
0 0.698147268408551 0.8313080168776372 0.033159144893111725 0.13014767932489438
0 0.608479809976247 0.6910548523206751 0.036710213776721984 0.1196835443037975
0 0.5687054631828979 0.6952742616033756 0.028396674584323003 0.11124472573839667
0 0.6559857482185272 0.8155063291139241 0.03197149643705472 0.12381856540084375
0 0.614418052256532 0.8228691983122364 0.039085510688836 0.1343670886075948
0 0.5704869358669834 0.8271097046413503 0.03671021377672205 0.12592827004219398
0 0.4873515439429929 0.665759493670886 0.03431116389548692 0.1365611814345992
0 0.1180760095011876 0.5529957805907173 0.06994061757719727 0.08386075949367089
0 0.404228028503563 0.6826371308016878 0.03667458432304051 0.1365611814345992
0 0.4873515439429929 0.8271097046413503 0.036686460807600935 0.12592827004219398
0 0.4475771971496437 0.8239451476793249 0.044999999999999984 0.14069620253164544
0 0.3596912114014252 0.708987341772152 0.040237529691211534 0.12179324894514772
0 0.321686460807601 0.6963291139240506 0.03785035629453669 0.1218143459915612
0 0.2801306413301663 0.6931645569620253 0.03547505938242267 0.12814345991561182
0 0.24034441805225654 0.6857805907172996 0.02952494061757708 0.13447257383966246
0 0.19640142517814727 0.6889451476793249 0.03663895486935856 0.13236286919831225
0 0.15187648456057007 0.704746835443038 0.035451306413301555 0.11759493670886077
0 0.32524940617577197 0.8334177215189874 0.03785035629453669 0.13858649789029523
0 0.2848812351543943 0.8408016877637131 0.03785035629453669 0.13227848101265832
0 0.23975059382422803 0.8291983122362869 0.040213776722090144 0.1301687763713081
0 0.2035273159144893 0.8365822784810127 0.03663895486935856 0.13227848101265832
0 0.07408551068883609 0.8418354430379746 0.04137767220902603 0.1470464135021098
0 0.7426722090261283 0.8249789029535866 0.03198337292161528 0.1301265822784809
0 0.7984916864608077 0.14375527426160337 0.03674584323040386 0.11789029535864978
0 0.2339667458432304 0.03375527426160337 0.057007125890736345 0.06751054852320675
0 0.6684679334916865 0.535 0.07118764845605707 0.0733755274261604