0 0.25140963855421683 0.1419527896995708 0.039686746987951806 0.11991416309012874
0 0.2971807228915663 0.14407725321888412 0.034855421686747 0.12420600858369098
0 0.3670602409638555 0.15158798283261804 0.032433734939758985 0.13064377682403433
0 0.4056144578313253 0.14622317596566523 0.03483132530120478 0.1284978540772532
0 0.4519879518072289 0.16660944206008585 0.03362650602409635 0.12206008583690986
0 0.5019879518072289 0.16124463519313303 0.03481927710843371 0.1284978540772532
0 0.5405421686746987 0.17412017167381974 0.03240963855421684 0.1284978540772532
0 0.6092048192771085 0.16980686695278968 0.03721686746987957 0.13708154506437767
0 0.6592048192771084 0.1794635193133047 0.031180722891566398 0.13493562231759657
0 0.7061927710843373 0.17087982832618026 0.033578313253011915 0.143519313304721
0 0.7947349397590361 0.17087982832618026 0.04199999999999988 0.13924892703862657
0 0.8369036144578313 0.16658798283261803 0.03716867469879507 0.14783261802575104
0 0.877855421686747 0.17302575107296136 0.02993975903614447 0.13066523605150213
0 0.9200240963855422 0.1676824034334764 0.03474698795180713 0.12422746781115881
0 0.9603855421686747 0.15802575107296138 0.043180722891566166 0.13924892703862665
0 0.19839759036144577 0.36506437768240346 0.08546987951807229 0.06828326180257509
0 0.4092289156626506 0.35538626609442064 0.03965060240963852 0.13480686695278968
0 0.44415662650602405 0.35324034334763954 0.03483132530120478 0.13051502145922744
0 0.4893373493975903 0.35538626609442064 0.03602409638554214 0.126244635193133
0 0.5345180722891566 0.36504291845493564 0.03481927710843371 0.13266094420600857
0 0.6176385542168674 0.36394849785407724 0.042024096385542234 0.1390987124463519
0 0.6598072289156627 0.36931330472103 0.03961445783132543 0.12839055793991414
0 0.702578313253012 0.36180257510729613 0.03839759036144565 0.13053648068669524
0 0.7435301204819277 0.3489484978540773 0.03116867469879505 0.13053648068669524
0 0.7899156626506024 0.3639699570815451 0.034771084337349274 0.126244635193133
0 0.8296746987951807 0.36180257510729613 0.03957831325301194 0.13484978540772527
0 0.8688192771084338 0.35751072961373387 0.043192771084337236 0.1262660944206008
0 0.9903614457831326 0.3605150214592275 0.01927710843373494 0.12446351931330472
0 0.18695180722891563 0.6793347639484978 0.03366265060240964 0.126030042918455
0 0.18273493975903612 0.8166309012875537 0.03486746987951807 0.12594420600858355
0 0.2700843373493976 0.6707510729613734 0.03606024096385543 0.13890557939914167
0 0.3538072289156627 0.6943347639484979 0.03484337349397586 0.11315450643776828
0 0.30983132530120483 0.8391416309012876 0.033638554216867456 0.13238197424892692
0 0.4007951807228916 0.696480686695279 0.037240963855421645 0.12173819742489274
0 0.441144578313253 0.7007725321888412 0.028807228915662612 0.11315450643776828
0 0.35260240963855427 0.823068669527897 0.032433734939758985 0.12594420600858355
0 0.3947710843373494 0.8305579399141632 0.03965060240963852 0.13667381974248916
0 0.43933734939759034 0.8348712446351931 0.037240963855421645 0.12809012875536469
0 0.5236746987951807 0.6707510729613734 0.03480722891566263 0.13890557939914167
0 0.608 0.6879184549356223 0.037204819277108496 0.13890557939914167
0 0.5236746987951807 0.8348712446351931 0.037216867469879504 0.12809012875536469
0 0.5640240963855422 0.8316523605150214 0.04565060240963854 0.1431115879828325
0 0.6543855421686747 0.6975536480686695 0.04081927710843387 0.12388412017167386
0 0.6917349397590361 0.6932618025751073 0.03839759036144565 0.12390557939914165
0 0.7338915662650602 0.6857510729613734 0.03598795180722878 0.130343347639485
0 0.7742530120481927 0.6739484978540773 0.029951807228915543 0.13678111587982836
0 0.8164216867469879 0.67931330472103 0.03716867469879507 0.13463519313304723
0 0.8615903614457832 0.6975321888412017 0.03596385542168664 0.11961373390557942
0 0.6881204819277108 0.8412875536480687 0.03839759036144565 0.14096566523605136
0 0.7314819277108434 0.8316309012875537 0.03839759036144565 0.13454935622317607
0 0.7736506024096386 0.8177038626609442 0.04079518072289145 0.13240343347639494
0 0.8103975903614458 0.8294849785407725 0.03716867469879507 0.13454935622317607
0 0.9441204819277108 0.8326824034334763 0.04197590361445773 0.14957081545064388
0 0.2646626506024096 0.8327038626609442 0.03244578313253013 0.13236051502145912
0 0.20442168674698794 0.13763948497854078 0.03727710843373494 0.11991416309012874
0 0.8337349397590361 0.03755364806866953 0.07710843373493977 0.07510729613733906
0 0.42909638554216867 0.49699570815450644 0.07221686746987958 0.07463519313304727