0 0.7497961630695444 0.1492553191489362 0.03949640287769791 0.11889361702127658
0 0.7054436450839329 0.1492340425531915 0.034688249400479695 0.12314893617021276
0 0.6358992805755395 0.16093617021276596 0.03227817745803366 0.129531914893617
0 0.5915347721822541 0.1641276595744681 0.03466426858513186 0.12740425531914892
0 0.5489808153477218 0.16944680851063829 0.03346522781774577 0.12102127659574467
0 0.5040167865707434 0.1641276595744681 0.03465227817745801 0.12740425531914892
0 0.4656474820143885 0.1768936170212766 0.03225419664268583 0.12740425531914892
0 0.39491606714628297 0.1768723404255319 0.03703836930455647 0.13591489361702128
0 0.3463549160671463 0.18219148936170212 0.03103117505995217 0.1337872340425532
0 0.29599520383693045 0.17793617021276595 0.03341726618705023 0.1422978723404255
0 0.212673860911271 0.17368085106382977 0.041798561151079015 0.13806382978723403
0 0.1707074340527578 0.1694255319148936 0.0369904076738608 0.14657446808510635
0 0.12995203836930455 0.17580851063829786 0.029796163069544256 0.12955319148936167
0 0.08798561151079136 0.1896382978723404 0.03458033573141477 0.12317021276595742
0 0.047817745803357306 0.18219148936170212 0.04297362110311741 0.13806382978723403
0 0.8061510791366907 0.36621276595744684 0.08505995203836937 0.06770212765957445
0 0.5963309352517985 0.3566170212765958 0.03946043165467622 0.1336595744680851
0 0.5615707434052758 0.3544893617021277 0.03466426858513186 0.12940425531914893
0 0.5166067146282974 0.3566170212765958 0.0358513189448441 0.1251702127659574
0 0.47164268585131897 0.36619148936170215 0.03465227817745801 0.131531914893617
0 0.39011990407673863 0.3821276595744681 0.04182254196642699 0.13791489361702125
0 0.34695443645083934 0.3704255319148936 0.03942446043165481 0.1272978723404255
0 0.3043884892086331 0.3629787234042553 0.03821342925659459 0.1294255319148936
0 0.2588369304556355 0.36300000000000004 0.031019184652278046 0.1294255319148936
0 0.21747002398081536 0.36512765957446813 0.03460431654676247 0.1251702127659574
0 0.17790167865707435 0.3629787234042553 0.039388489208632985 0.13370212765957443
0 0.13534772182254196 0.37574468085106383 0.042985611510791256 0.12519148936170207
0 0.011990407673860911 0.38085106382978723 0.023980815347721823 0.12340425531914893
0 0.8175419664268586 0.6778085106382978 0.033501199040767454 0.12495744680851067
0 0.8217386091127099 0.813936170212766 0.034700239808153545 0.12487234042553179
0 0.7348081534772183 0.6692978723404255 0.035887290167865786 0.13772340425531918
0 0.6514868105515587 0.6926808510638298 0.034676258992805846 0.11219148936170216
0 0.6952517985611509 0.8362553191489362 0.03347721822541975 0.13125531914893604
0 0.6047242206235012 0.6948085106382978 0.03706235011990404 0.12070212765957451
0 0.564568345323741 0.699063829787234 0.0286690647482014 0.11219148936170216
0 0.6526858513189447 0.8203191489361702 0.03227817745803366 0.12487234042553179
0 0.6107194244604316 0.8277446808510639 0.03946043165467622 0.13551063829787222
0 0.5663669064748201 0.8320212765957447 0.03706235011990404 0.12699999999999986
0 0.4824340527577938 0.6692978723404255 0.03464028776978416 0.13772340425531918
0 0.3565587529976019 0.5257872340425532 0.07061151079136703 0.08457446808510638
0 0.3985131894484413 0.6990851063829787 0.03702637889688262 0.13772340425531918
0 0.4824340527577938 0.8320212765957447 0.03703836930455634 0.12699999999999986
0 0.4422781774580336 0.8288297872340425 0.045431654676258974 0.14189361702127648
0 0.35354916067146286 0.7128936170212766 0.0406235011990409 0.12282978723404259
0 0.3151798561151079 0.7001276595744681 0.03821342925659459 0.12285106382978725
0 0.2732254196642686 0.696936170212766 0.03581534772182241 0.1292340425531915
0 0.23305755395683453 0.6894893617021277 0.029808153477218106 0.13561702127659575
0 0.18869304556354916 0.6926808510638298 0.0369904076738608 0.1334893617021277
0 0.1437410071942446 0.715 0.03579136690647471 0.11859574468085109
0 0.3187769784172662 0.8383829787234043 0.03821342925659459 0.1397659574468084
0 0.27802158273381294 0.8458297872340426 0.03821342925659459 0.13340425531914904
0 0.2324580335731415 0.8341276595744681 0.040599520383692925 0.13127659574468095
0 0.1958872901678657 0.8500851063829787 0.0369904076738608 0.13340425531914904
0 0.06520383693045563 0.8468723404255318 0.041774580335731316 0.14829787234042563
0 0.7402038369304557 0.8298723404255319 0.03229016786570751 0.13123404255319138
0 0.2697841726618705 0.9808510638297873 0.07673860911270983 0.03829787234042553
0 0.7965587529976019 0.14285106382978724 0.037098321342925726 0.11889361702127658
0 0.2260191846522782 0.04680851063829787 0.05635491606714628 0.09361702127659574
0 0.8655035971223022 0.5204042553191489 0.07907673860911277 0.0825106382978724