0 0.24783687943262409 0.1452731092436975 0.03893617021276596 0.11739495798319327
0 0.29274231678486995 0.1473529411764706 0.03419621749408984 0.12159663865546218
0 0.3613002364066194 0.15470588235294117 0.03182033096926709 0.12789915966386553
0 0.39912529550827425 0.14945378151260505 0.03417257683215126 0.12579831932773108
0 0.44107565011820327 0.16941176470588235 0.03299054373522455 0.11949579831932772
0 0.4889479905437352 0.16626050420168068 0.034160756501182006 0.12579831932773108
0 0.5244089834515366 0.17676470588235293 0.03179669030732858 0.12579831932773108
0 0.5953191489361702 0.16834033613445376 0.036513002364066245 0.1342016806722689
0 0.6467375886524822 0.16728991596638654 0.030591016548463485 0.13210084033613445
0 0.6904728132387706 0.15888655462184872 0.03294326241134739 0.14050420168067226
0 0.7797044917257683 0.15888655462184872 0.04120567375886513 0.13632352941176468
0 0.8210756501182033 0.15678571428571428 0.03646572104018902 0.1447268907563025
0 0.8600709219858156 0.16728991596638654 0.029373522458628735 0.12792016806722686
0 0.9002600472813239 0.16415966386554623 0.03408983451536633 0.12161764705882354
0 0.9351300236406619 0.14630252100840335 0.04236406619385333 0.13632352941176473
0 0.19582742316784868 0.36369747899159666 0.08385342789598109 0.06684873949579831
0 0.4026713947990544 0.35422268907563026 0.038900709219858116 0.13197478991596637
0 0.4369385342789598 0.3521218487394958 0.03417257683215126 0.12777310924369747
0 0.48126477541371154 0.35422268907563026 0.03534278959810872 0.12359243697478989
0 0.5255910165484633 0.3636764705882353 0.034160756501182006 0.12987394957983192
0 0.6071394799054374 0.3626050420168067 0.041229314420803846 0.1361764705882353
0 0.6485106382978724 0.3678571428571428 0.038865248226950484 0.12569327731092433
0 0.6881087470449172 0.35 0.03767139479905424 0.12779411764705878
0 0.729468085106383 0.33321428571428574 0.03057919621749396 0.12779411764705878
0 0.7749763593380614 0.35002100840336137 0.03411347517730485 0.12359243697478989
0 0.8116193853427895 0.3416176470588236 0.03882978723404244 0.13201680672268915
0 0.8535697399527187 0.35 0.04237588652482259 0.12361344537815121
0 0.9817848699763594 0.34056722689075636 0.03643026004728125 0.12151260504201687
0 0.1845981087470449 0.6713655462184874 0.033026004728132385 0.12338235294117651
0 0.1804609929078014 0.8057773109243698 0.0342080378250591 0.12329831932773097
0 0.2661583924349882 0.6629621848739495 0.035378250591016555 0.13598739495798323
0 0.3482978723404256 0.6860504201680673 0.03418439716312052 0.11077731092436979
0 0.3051536643026005 0.8278151260504202 0.03300236406619384 0.12960084033613434
0 0.3943971631205674 0.6881512605042017 0.03653664302600469 0.1191806722689076
0 0.433983451536643 0.6923529411764706 0.028262411347517693 0.11077731092436979
0 0.34711583924349887 0.8120798319327731 0.03182033096926709 0.12329831932773097
0 0.38848699763593386 0.8194117647058824 0.038900709219858116 0.13380252100840323
0 0.4322104018912529 0.8236344537815127 0.03653664302600469 0.12539915966386542
0 0.5149527186761229 0.6629621848739495 0.03414893617021275 0.13598739495798323
0 0.5976832151300236 0.6797689075630252 0.03650118203309699 0.13598739495798323
0 0.5149527186761229 0.8110294117647059 0.036513002364066176 0.12539915966386542
0 0.5557210401891253 0.8120798319327731 0.04478723404255318 0.1401050420168066
0 0.6431914893617021 0.689201680672269 0.0400472813238772 0.12128151260504205
0 0.6798345153664302 0.685 0.03767139479905424 0.12130252100840339
0 0.721193853427896 0.6776470588235294 0.03530732860520082 0.12760504201680675
0 0.7607919621749409 0.6660924369747899 0.02938534278959799 0.1339075630252101
0 0.8045271867612294 0.6692436974789916 0.03646572104018902 0.13180672268907564
0 0.8464775413711584 0.6891806722689076 0.0352836879432623 0.11710084033613448
0 0.6762884160756502 0.8299159663865546 0.03767139479905424 0.13800420168067215
0 0.7188297872340426 0.8204621848739496 0.03767139479905424 0.13172268907563034
0 0.7602009456264776 0.806827731092437 0.04002364066193841 0.1296218487394959
0 0.7962529550827423 0.8183613445378152 0.03646572104018902 0.13172268907563034
0 0.9274468085106383 0.8214915966386555 0.04118203309692662 0.14642857142857152
0 0.26083924349881793 0.8215126050420168 0.031832151300236415 0.129579831932773
0 0.20173758865248226 0.14105042016806724 0.036572104018912525 0.11739495798319327
0 0.5533569739952718 0.6639705882352941 0.049574468085106446 0.12976890756302517