0 0.17741050119331742 0.16661016949152543 0.0345346062052506 0.11203389830508474
0 0.22275656324582338 0.17190677966101695 0.03930787589498806 0.11838983050847457
0 0.26928400954653936 0.1613135593220339 0.03452267303102626 0.12262711864406779
0 0.3396897374701671 0.1644915254237288 0.03212410501193313 0.12898305084745762
0 0.3838424821002387 0.1634322033898305 0.03449880668257753 0.12686440677966102
0 0.425 0.1623728813559322 0.03330548926014316 0.12050847457627117
0 0.4757159904534606 0.1591949152542373 0.034486873508353194 0.12686440677966102
0 0.512708830548926 0.1591949152542373 0.03210023866348446 0.12686440677966102
0 0.581909307875895 0.14648305084745764 0.036861575178997595 0.13533898305084746
0 0.6302386634844869 0.14754237288135594 0.030883054892601562 0.13322033898305083
0 0.6791646778042959 0.13271186440677965 0.03325775656324569 0.14169491525423727
0 0.7668615751789976 0.12423728813559322 0.04159904534606193 0.13747881355932207
0 0.8086276849642005 0.11576271186440679 0.03681384248210013 0.1459533898305085
0 0.850381861575179 0.12423728813559322 0.029653937947493925 0.12900423728813562
0 0.8885680190930788 0.11896186440677965 0.03441527446300706 0.12264830508474577
0 0.9297374701670644 0.1051906779661017 0.04276849642004763 0.13747881355932204
0 0.17741050119331742 0.3985381355932204 0.08465393794749403 0.06741525423728813
0 0.336109785202864 0.39108050847457626 0.03451073985680186 0.13726694915254242
0 0.3874224343675418 0.3551059322033899 0.039272076372315 0.13309322033898305
0 0.42440334128878276 0.35086864406779666 0.03449880668257753 0.1288559322033898
0 0.4679594272076372 0.3445127118644068 0.035680190930787566 0.12463983050847455
0 0.5139021479713604 0.3498093220338983 0.034486873508353194 0.13097457627118642
0 0.5986157517899762 0.35086864406779666 0.0416229116945108 0.13733050847457626
0 0.6391885441527446 0.3413347457627119 0.039236276849642135 0.12675847457627115
0 0.6839379474940334 0.33180084745762717 0.038031026252983165 0.12887711864406776
0 0.7233054892601432 0.31911016949152543 0.030871121718376957 0.12887711864406776
0 0.7656682577565632 0.32122881355932204 0.03443914081145573 0.12463983050847455
0 0.8062410501193318 0.30639830508474575 0.039200477326968866 0.13313559322033902
0 0.8497852028639619 0.30639830508474575 0.04278042959427197 0.12466101694915258
0 0.9756682577565633 0.2947457627118644 0.03678997613365147 0.12254237288135597
0 0.1803937947494033 0.7045762711864407 0.033341288782816225 0.12442796610169496
0 0.1845704057279236 0.8358898305084747 0.0345346062052506 0.12434322033898293
0 0.26392601431980905 0.6876271186440678 0.035715990453460626 0.1371398305084746
0 0.3456563245823389 0.6982203389830508 0.03451073985680186 0.11171610169491529
0 0.30806682577565636 0.8454237288135593 0.03331742243436753 0.13069915254237274
0 0.394582338902148 0.691864406779661 0.036885441527446265 0.12019067796610174
0 0.4345465393794749 0.6961016949152542 0.02853221957040569 0.11171610169491529
0 0.34923627684964204 0.8274364406779662 0.03212410501193313 0.12434322033898293
0 0.3957756563245824 0.8327118644067797 0.039272076372315 0.13493644067796598
0 0.4387231503579952 0.8284957627118644 0.036885441527446265 0.12646186440677953
0 0.5162887828162291 0.6664618644067797 0.03447494033412886 0.1371398305084746
0 0.5586396181384248 0.6738771186440677 0.033281622911694494 0.13925847457627122
0 0.6021957040572792 0.6791737288135593 0.03684964200477333 0.1371398305084746
0 0.5210620525059666 0.8263771186440678 0.036861575178997595 0.12646186440677953
0 0.5622195704057279 0.8104872881355932 0.04521479713603817 0.1412923728813558
0 0.6457517899761336 0.6844703389830509 0.0404295942720765 0.12230932203389834
0 0.6851312649164678 0.6717584745762711 0.038031026252983165 0.12233050847457629
0 0.7280787589498806 0.6601059322033899 0.03564439140811443 0.1286864406779661
0 0.7668615751789976 0.6399788135593221 0.029665871121718257 0.13504237288135595
0 0.8122076372315036 0.6516313559322033 0.03681384248210013 0.13292372881355935
0 0.856945107398568 0.6632838983050847 0.035620525059665765 0.11809322033898308
0 0.6875178997613365 0.8136652542372882 0.038031026252983165 0.1391737288135592
0 0.7304653937947494 0.8083686440677966 0.038031026252983165 0.13283898305084754
0 0.7722315035799523 0.7967161016949152 0.040405727923627566 0.13072033898305094
0 0.8145942720763724 0.7998940677966102 0.03681384248210013 0.13283898305084754
0 0.9398806682577566 0.7755296610169492 0.04157517899761327 0.14766949152542383
0 0.29534606205250596 0.9682203389830508 0.06324582338902147 0.0635593220338983