0 0.8195390070921986 0.16521008403361345 0.034208037825059164 0.1110924369747899
0 0.7746217494089835 0.17046218487394957 0.03893617021276602 0.11739495798319327
0 0.7285342789598109 0.1599579831932773 0.03419621749408991 0.12159663865546218
0 0.6587943262411347 0.163109243697479 0.03182033096926722 0.12789915966386553
0 0.6150591016548462 0.16205882352941176 0.0341725768321512 0.12579831932773108
0 0.574290780141844 0.16100840336134453 0.03299054373522455 0.11949579831932772
0 0.5240543735224586 0.15785714285714286 0.034160756501182006 0.12579831932773108
0 0.4874113475177305 0.15785714285714286 0.03179669030732858 0.12579831932773108
0 0.41886524822695037 0.14525210084033613 0.036513002364066176 0.1342016806722689
0 0.37099290780141847 0.14630252100840335 0.030591016548463485 0.13210084033613445
0 0.3225295508274232 0.13159663865546217 0.03294326241134739 0.14050420168067226
0 0.23566193853427897 0.12319327731092437 0.04120567375886513 0.13632352941176473
0 0.19429078014184398 0.11478991596638656 0.03646572104018902 0.14472689075630255
0 0.15293144208037823 0.12319327731092437 0.029373522458628735 0.12792016806722692
0 0.1151063829787234 0.11796218487394958 0.03408983451536633 0.12161764705882352
0 0.07432624113475177 0.10430672268907562 0.04236406619385333 0.1363235294117647
0 0.8195390070921986 0.39518907563025213 0.08385342789598116 0.06684873949579831
0 0.6623404255319147 0.38779411764705884 0.034184397163120654 0.13611344537815132
0 0.6115130023640661 0.3521218487394958 0.038900709219858054 0.13197478991596637
0 0.5748817966903074 0.3479201680672269 0.03417257683215126 0.12777310924369747
0 0.5317375886524823 0.3416176470588236 0.03534278959810872 0.12359243697478989
0 0.4862293144208038 0.3468697478991597 0.034160756501182006 0.12987394957983192
0 0.40231678486997635 0.3479201680672269 0.04122931442080391 0.1361764705882353
0 0.3621276595744681 0.33846638655462186 0.038865248226950484 0.12569327731092433
0 0.3178014184397163 0.32901260504201685 0.03767139479905424 0.12779411764705878
0 0.278806146572104 0.31642857142857145 0.03057919621749396 0.12779411764705878
0 0.23684397163120569 0.3185294117647059 0.03411347517730485 0.12359243697478989
0 0.1966548463356974 0.3038235294117647 0.03882978723404244 0.13201680672268915
0 0.1535224586288416 0.3038235294117647 0.04237588652482259 0.12361344537815133
0 0.02055555555555554 0.2985714285714286 0.0364420803782505 0.12151260504201687
0 0.8165839243498818 0.698655462184874 0.033026004728132455 0.12338235294117651
0 0.8124468085106383 0.8288655462184874 0.034208037825059164 0.12329831932773097
0 0.7338416075650118 0.6818487394957983 0.035378250591016625 0.13598739495798323
0 0.6528841607565011 0.6923529411764706 0.034184397163120654 0.11077731092436979
0 0.6901182033096925 0.8383193277310925 0.03300236406619394 0.12960084033613434
0 0.6044208037825058 0.6860504201680673 0.03653664302600469 0.1191806722689076
0 0.5648345153664303 0.6902521008403362 0.028262411347517693 0.11077731092436979
0 0.6493380614657209 0.8204831932773109 0.03182033096926722 0.12329831932773097
0 0.6032387706855792 0.8257142857142857 0.038900709219858116 0.13380252100840323
0 0.5606973995271868 0.8215336134453782 0.03653664302600469 0.12539915966386542
0 0.4838652482269504 0.6608613445378151 0.03414893617021275 0.13598739495798323
0 0.4419148936170213 0.6682142857142856 0.032966903073286036 0.13808823529411768
0 0.39877068557919626 0.6734663865546219 0.03650118203309705 0.13598739495798323
0 0.4791371158392435 0.8194327731092437 0.036513002364066176 0.12539915966386542
0 0.43836879432624115 0.8036764705882353 0.04478723404255318 0.1401050420168066
0 0.35562647754137117 0.678718487394958 0.0400472813238772 0.12128151260504205
0 0.3166193853427896 0.6661134453781512 0.03767139479905424 0.12130252100840339
0 0.27407801418439715 0.6545588235294117 0.03530732860520082 0.12760504201680675
0 0.23566193853427897 0.6346008403361344 0.02938534278959799 0.1339075630252101
0 0.19074468085106383 0.646155462184874 0.03646572104018902 0.13180672268907564
0 0.14643026004728132 0.6577100840336134 0.0352836879432623 0.11710084033613448
0 0.3142553191489362 0.806827731092437 0.03767139479905424 0.13800420168067215
0 0.2717139479905437 0.8015756302521009 0.03767139479905424 0.13172268907563034
0 0.23034278959810875 0.7900210084033613 0.04002364066193841 0.1296218487394959
0 0.1883806146572104 0.7931722689075631 0.03646572104018902 0.13172268907563034
0 0.058368794326241126 0.7816176470588235 0.04118203309692662 0.14642857142857152
0 0.7027186761229315 0.9642857142857143 0.06264775413711583 0.07142857142857142