0 0.17809692671394797 0.16941176470588235 0.0342080378250591 0.1110924369747899
0 0.22537825059101654 0.16626050420168068 0.03893617021276596 0.11739495798319327
0 0.2714657210401891 0.15575630252100842 0.03419621749408984 0.12159663865546218
0 0.33884160756501186 0.1673109243697479 0.03182033096926709 0.12789915966386553
0 0.3825768321513003 0.16626050420168068 0.03417257683215126 0.12579831932773108
0 0.4233451536643026 0.16521008403361345 0.03299054373522455 0.11949579831932772
0 0.4735815602836879 0.16205882352941176 0.034160756501182006 0.12579831932773108
0 0.510224586288416 0.16205882352941176 0.03179669030732858 0.12579831932773108
0 0.5787706855791962 0.14945378151260505 0.036513002364066176 0.1342016806722689
0 0.6266430260047281 0.15050420168067227 0.030591016548463485 0.13210084033613445
0 0.6751063829787234 0.1357983193277311 0.03294326241134739 0.14050420168067226
0 0.7619739952718676 0.12739495798319328 0.04120567375886513 0.13632352941176473
0 0.8033451536643026 0.11899159663865547 0.03646572104018902 0.14472689075630255
0 0.8447044917257683 0.12739495798319328 0.029373522458628735 0.12792016806722692
0 0.8825295508274231 0.12216386554621848 0.03408983451536633 0.12161764705882352
0 0.9233096926713948 0.10850840336134454 0.04236406619385333 0.1363235294117647
0 0.18282505910165484 0.3888865546218488 0.08385342789598109 0.06684873949579831
0 0.33765957446808514 0.4319117647058824 0.03418439716312052 0.13611344537815132
0 0.3896690307328606 0.35632352941176476 0.038900709219858116 0.13197478991596637
0 0.42630023640661935 0.3521218487394958 0.03417257683215126 0.12777310924369747
0 0.47062647754137116 0.3458193277310925 0.03534278959810872 0.12359243697478989
0 0.5161347517730496 0.35317226890756304 0.034160756501182006 0.12987394957983192
0 0.6000472813238771 0.3521218487394958 0.041229314420803846 0.1361764705882353
0 0.6402364066193853 0.3426680672268908 0.038865248226950484 0.12569327731092433
0 0.6833806146572103 0.3353151260504202 0.03767139479905424 0.12779411764705878
0 0.7235579196217494 0.32063025210084034 0.03057919621749396 0.12779411764705878
0 0.7655200945626478 0.32063025210084034 0.03411347517730485 0.12359243697478989
0 0.8080732860520095 0.3080252100840336 0.03882978723404244 0.13201680672268912
0 0.8488416075650118 0.31222689075630256 0.04237588652482259 0.1236134453781513
0 0.977080378250591 0.3027731092436975 0.0364420803782505 0.12151260504201684
0 0.18105200945626476 0.7028571428571428 0.033026004728132385 0.12338235294117651
0 0.18518912529550827 0.8330672268907563 0.0342080378250591 0.12329831932773097
0 0.26379432624113475 0.6860504201680673 0.035378250591016555 0.13598739495798323
0 0.2643853427895981 0.8383193277310925 0.03419621749408984 0.13380252100840323
0 0.3494799054373523 0.698655462184874 0.03418439716312052 0.11077731092436979
0 0.3075177304964539 0.8425210084033614 0.03300236406619384 0.12960084033613434
0 0.39321513002364067 0.6902521008403362 0.03653664302600469 0.1191806722689076
0 0.4328014184397163 0.6944537815126051 0.028262411347517693 0.11077731092436979
0 0.3482978723404256 0.8246848739495799 0.03182033096926709 0.12329831932773097
0 0.3943971631205674 0.8299159663865546 0.038900709219858116 0.13380252100840323
0 0.4369385342789598 0.8257352941176471 0.03653664302600469 0.12539915966386542
0 0.5137706855791961 0.665063025210084 0.03414893617021275 0.13598739495798323
0 0.5557210401891253 0.6724159663865547 0.032966903073286036 0.13808823529411768
0 0.5988652482269503 0.6776680672268908 0.03650118203309699 0.13598739495798323
0 0.518498817966903 0.8236344537815127 0.036513002364066176 0.12539915966386542
0 0.5592671394799055 0.8078781512605042 0.04478723404255318 0.1401050420168066
0 0.6420094562647753 0.6829201680672269 0.0400472813238772 0.12128151260504205
0 0.6810165484633569 0.6703151260504202 0.03767139479905424 0.12130252100840339
0 0.7247399527186761 0.6608613445378151 0.03530732860520082 0.12760504201680675
0 0.7678841607565011 0.6451050420168067 0.02938534278959799 0.1339075630252101
0 0.8068912529550827 0.6503571428571429 0.03646572104018902 0.13180672268907564
0 0.8512056737588652 0.6619117647058823 0.0352836879432623 0.11710084033613448
0 0.6833806146572103 0.8110294117647059 0.03767139479905424 0.13800420168067215
0 0.7259219858156029 0.8057773109243698 0.03767139479905424 0.13172268907563034
0 0.7672931442080378 0.7942226890756303 0.04002364066193841 0.1296218487394959
0 0.8092553191489361 0.797373949579832 0.03646572104018902 0.13172268907563034
0 0.9392671394799055 0.7858193277310924 0.04118203309692662 0.14642857142857152