0 0.24304295942720763 0.1486228813559322 0.03930787589498806 0.11838983050847457
0 0.2871837708830549 0.14860169491525424 0.03452267303102626 0.12262711864406779
0 0.3563961813842482 0.1602542372881356 0.03212410501193313 0.12898305084745762
0 0.40054892601431985 0.1634322033898305 0.03449880668257753 0.12686440677966102
0 0.4428997613365155 0.16872881355932204 0.03330548926014316 0.12050847457627117
0 0.4876491646778043 0.1634322033898305 0.034486873508353194 0.12686440677966102
0 0.5258353221957041 0.17614406779661018 0.03210023866348446 0.12686440677966102
0 0.5938424821002386 0.17188559322033897 0.036861575178997665 0.13533898305084746
0 0.6433651551312649 0.18141949152542372 0.030883054892601562 0.13322033898305083
0 0.6899045346062053 0.17294491525423727 0.03325775656324569 0.14169491525423727
0 0.7776014319809069 0.17294491525423727 0.04159904534606193 0.137478813559322
0 0.8193675417661098 0.16870762711864407 0.03681384248210013 0.14595338983050846
0 0.859928400954654 0.17506355932203388 0.029653937947493925 0.1290042372881356
0 0.9016945107398568 0.18883474576271186 0.03441527446300706 0.12264830508474575
0 0.9416706443914081 0.18141949152542372 0.04276849642004763 0.137478813559322
0 0.18695704057279236 0.36466101694915254 0.08465393794749403 0.06741525423728813
0 0.3957756563245824 0.3551059322033899 0.039272076372315 0.13309322033898305
0 0.4303699284009546 0.35298728813559327 0.03449880668257753 0.1288559322033898
0 0.4751193317422434 0.3551059322033899 0.035680190930787566 0.12463983050847455
0 0.5198687350835322 0.3646398305084746 0.034486873508353194 0.13097457627118642
0 0.6010023866348448 0.3805084745762712 0.0416229116945108 0.13733050847457626
0 0.6439618138424821 0.3688559322033898 0.039236276849642135 0.12675847457627115
0 0.6863245823389021 0.3614406779661017 0.038031026252983165 0.12887711864406776
0 0.7316587112171837 0.3614618644067797 0.030871121718376957 0.12887711864406776
0 0.7728281622911695 0.3635805084745763 0.03443914081145573 0.12463983050847455
0 0.8122076372315036 0.3614406779661017 0.039200477326968866 0.13313559322033894
0 0.8545584725536993 0.37415254237288137 0.04278042959427197 0.12466101694915249
0 0.9816109785202864 0.3709745762711864 0.03677804295942713 0.12254237288135587
0 0.17562052505966586 0.6749364406779661 0.033341288782816225 0.12442796610169496
0 0.17144391408114557 0.8104872881355932 0.0345346062052506 0.12434322033898293
0 0.2579594272076372 0.6664618644067797 0.035715990453460626 0.1371398305084746
0 0.34088305489260146 0.6897457627118644 0.03451073985680186 0.11171610169491529
0 0.29732696897374705 0.8327118644067797 0.03331742243436753 0.13069915254237274
0 0.3874224343675418 0.691864406779661 0.036885441527446265 0.12019067796610174
0 0.4273866348448687 0.6961016949152542 0.02853221957040569 0.11171610169491529
0 0.3396897374701671 0.816843220338983 0.03212410501193313 0.12434322033898293
0 0.38145584725536996 0.8242372881355933 0.039272076372315 0.13493644067796598
0 0.42559665871121716 0.8284957627118644 0.036885441527446265 0.12646186440677953
0 0.5091288782816229 0.6664618644067797 0.03447494033412886 0.1371398305084746
0 0.6785441527446301 0.5299152542372881 0.07027446300716002 0.08421610169491525
0 0.5926491646778043 0.6834110169491525 0.03684964200477333 0.1371398305084746
0 0.5091288782816229 0.8284957627118644 0.036861575178997595 0.12646186440677953
0 0.5490930787589499 0.8253177966101695 0.04521479713603817 0.1412923728813558
0 0.6373985680190931 0.7098728813559322 0.0404295942720765 0.12230932203389834
0 0.6755847255369928 0.6971610169491526 0.038031026252983165 0.12233050847457629
0 0.7173389021479714 0.6939830508474576 0.03564439140811443 0.1286864406779661
0 0.7573150357995226 0.6865677966101695 0.029665871121718257 0.13504237288135595
0 0.8014677804295942 0.6897457627118644 0.03681384248210013 0.13292372881355935
0 0.8462052505966587 0.7119703389830508 0.035620525059665765 0.11809322033898308
0 0.6720047732696898 0.8348305084745763 0.038031026252983165 0.1391737288135592
0 0.7125656324582339 0.8422457627118645 0.038031026252983165 0.13283898305084754
0 0.7579116945107398 0.8305932203389831 0.040405727923627566 0.13072033898305094
0 0.7943078758949881 0.8464830508474577 0.03681384248210013 0.13283898305084754
0 0.9243675417661098 0.8432838983050847 0.04157517899761327 0.14766949152542383
0 0.2525894988066826 0.8263559322033899 0.032136038186157526 0.1306779661016948
0 0.7899761336515513 0.9788135593220338 0.07637231503579953 0.0423728813559322
0 0.19650357995226728 0.1422457627118644 0.036921241050119326 0.11838983050847457
0 0.7637231503579952 0.03283898305084746 0.057279236276849645 0.06567796610169492
0 0.1815871121718377 0.5309110169491525 0.07152744630071599 0.07368644067796616