0 0.25616945107398564 0.14226694915254237 0.03930787589498806 0.11838983050847457
0 0.30031026252983295 0.1422457627118644 0.03452267303102626 0.12262711864406779
0 0.36952267303102626 0.15389830508474575 0.03212410501193313 0.12898305084745762
0 0.4136754176610979 0.15707627118644069 0.03449880668257753 0.12686440677966102
0 0.4560262529832935 0.1623728813559322 0.03330548926014316 0.12050847457627117
0 0.5007756563245823 0.15707627118644069 0.034486873508353194 0.12686440677966102
0 0.5389618138424821 0.16978813559322034 0.03210023866348446 0.12686440677966102
0 0.6069689737470166 0.16552966101694913 0.036861575178997665 0.13533898305084746
0 0.656491646778043 0.17506355932203388 0.030883054892601562 0.13322033898305083
0 0.7030310262529833 0.16658898305084746 0.03325775656324569 0.14169491525423727
0 0.790727923627685 0.16658898305084746 0.04159904534606193 0.137478813559322
0 0.8324940334128879 0.16235169491525422 0.03681384248210013 0.14595338983050846
0 0.873054892601432 0.16870762711864407 0.029653937947493925 0.1290042372881356
0 0.9148210023866349 0.1634322033898305 0.03441527446300706 0.12264830508474578
0 0.9547971360381862 0.15389830508474575 0.04276849642004763 0.13747881355932207
0 0.2000835322195704 0.3583050847457627 0.08465393794749403 0.06741525423728813
0 0.40890214797136043 0.34875 0.039272076372315 0.13309322033898305
0 0.44349642004773265 0.3466313559322034 0.03449880668257753 0.1288559322033898
0 0.48824582338902145 0.34875 0.035680190930787566 0.12463983050847455
0 0.5329952267303102 0.3582838983050848 0.034486873508353194 0.13097457627118642
0 0.6153221957040572 0.3572033898305085 0.0416229116945108 0.13733050847457626
0 0.6570883054892601 0.3625 0.039236276849642135 0.12675847457627115
0 0.6994510739856802 0.3550847457627119 0.038031026252983165 0.12887711864406776
0 0.7400119331742243 0.3423940677966102 0.030871121718376957 0.12887711864406776
0 0.7859546539379475 0.3572245762711865 0.03443914081145573 0.12463983050847455
0 0.8253341288782816 0.3550847457627119 0.039200477326968866 0.13313559322033894
0 0.8641050119331742 0.3508474576271186 0.04278042959427197 0.12466101694915249
0 0.9874701670644391 0.3538135593220339 0.025059665871121718 0.1228813559322034
0 0.1887470167064439 0.6685805084745763 0.033341288782816225 0.12442796610169496
0 0.1845704057279236 0.8041313559322034 0.0345346062052506 0.12434322033898293
0 0.27108591885441524 0.6601059322033899 0.035715990453460626 0.1371398305084746
0 0.3540095465393795 0.6833898305084746 0.03451073985680186 0.11171610169491529
0 0.3104534606205251 0.8263559322033899 0.03331742243436753 0.13069915254237274
0 0.40054892601431985 0.6855084745762712 0.036885441527446265 0.12019067796610174
0 0.44051312649164676 0.6897457627118644 0.02853221957040569 0.11171610169491529
0 0.35281622911694516 0.8104872881355932 0.03212410501193313 0.12434322033898293
0 0.394582338902148 0.8178813559322035 0.039272076372315 0.13493644067796598
0 0.4387231503579952 0.8221398305084746 0.036885441527446265 0.12646186440677953
0 0.5222553699284009 0.6601059322033899 0.03447494033412886 0.1371398305084746
0 0.790692124105012 0.5320338983050847 0.07027446300716002 0.08421610169491525
0 0.6057756563245823 0.6770550847457627 0.03684964200477333 0.1371398305084746
0 0.5222553699284009 0.8221398305084746 0.036861575178997595 0.12646186440677953
0 0.5622195704057279 0.8189618644067796 0.04521479713603817 0.1412923728813558
0 0.6505250596658712 0.7035169491525424 0.0404295942720765 0.12230932203389834
0 0.6887112171837708 0.6908050847457627 0.038031026252983165 0.12233050847457629
0 0.7304653937947494 0.6876271186440678 0.03564439140811443 0.1286864406779661
0 0.7704415274463007 0.6802118644067797 0.029665871121718257 0.13504237288135595
0 0.8145942720763724 0.6833898305084746 0.03681384248210013 0.13292372881355935
0 0.8593317422434368 0.705614406779661 0.035620525059665765 0.11809322033898308
0 0.6851312649164678 0.8284745762711865 0.038031026252983165 0.1391737288135592
0 0.7256921241050119 0.8358898305084747 0.038031026252983165 0.13283898305084754
0 0.7710381861575178 0.8242372881355933 0.040405727923627566 0.13072033898305094
0 0.8074343675417661 0.8401271186440679 0.03681384248210013 0.13283898305084754
0 0.9374940334128878 0.8369279661016948 0.04157517899761327 0.14766949152542383
0 0.2657159904534606 0.8200000000000001 0.032136038186157526 0.1306779661016948
0 0.951073985680191 0.975635593220339 0.07637231503579953 0.048728813559322036
0 0.20963007159904534 0.13588983050847459 0.036921241050119326 0.11838983050847457
0 0.7768496420047732 0.029661016949152543 0.057279236276849645 0.059322033898305086
0 0.2782219570405728 0.5351483050847458 0.07152744630071599 0.07368644067796605