0 0.7617303102625299 0.15497881355932205 0.03930787589498813 0.11838983050847457
0 0.7152028639618139 0.15283898305084745 0.03452267303102633 0.12262711864406779
0 0.6436038186157517 0.1602542372881356 0.03212410501193326 0.12898305084745762
0 0.605417661097852 0.1591949152542373 0.03449880668257753 0.12686440677966102
0 0.565453460620525 0.1644915254237288 0.03330548926014316 0.12050847457627117
0 0.5147374701670645 0.16978813559322034 0.034486873508353194 0.12686440677966102
0 0.47774463007159906 0.1782627118644068 0.03210023866348446 0.12686440677966102
0 0.40973747016706447 0.16341101694915253 0.036861575178997595 0.13533898305084746
0 0.3578281622911695 0.16023305084745762 0.030883054892601562 0.13322033898305083
0 0.30651551312649167 0.16235169491525422 0.03325775656324569 0.14169491525423727
0 0.2259785202863962 0.14540254237288133 0.04159904534606193 0.137478813559322
0 0.17943914081145584 0.14116525423728812 0.03681384248210013 0.14595338983050846
0 0.14007159904534605 0.16023305084745762 0.029653937947493925 0.12900423728813556
0 0.10069212410501192 0.15495762711864408 0.03441527446300706 0.12264830508474579
0 0.05832935560859188 0.1411864406779661 0.04276849642004763 0.13747881355932207
0 0.8142362768496421 0.3773728813559322 0.0846539379474941 0.06741525423728813
0 0.6018377088305489 0.3572245762711865 0.039272076372315 0.13309322033898305
0 0.568436754176611 0.3572245762711865 0.03449880668257753 0.1288559322033898
0 0.5213007159904535 0.34875 0.035680190930787566 0.12463983050847455
0 0.4765513126491647 0.3604025423728814 0.034486873508353194 0.13097457627118642
0 0.3906443914081146 0.3677966101694915 0.04162291169451087 0.13733050847457626
0 0.35126491646778046 0.35404661016949157 0.039236276849642135 0.12675847457627115
0 0.3089021479713604 0.3550847457627119 0.038031026252983165 0.12887711864406776
0 0.2671479713603819 0.338156779661017 0.030871121718376957 0.12887711864406776
0 0.22359188544152744 0.3445127118644068 0.03443914081145573 0.12463983050847455
0 0.18659904534606206 0.3360381355932204 0.039200477326968866 0.13313559322033905
0 0.1454415274463007 0.338135593220339 0.04278042959427197 0.12466101694915249
0 0.015513126491646777 0.3453389830508475 0.031026252983293555 0.1228813559322034
0 0.817219570405728 0.6791737288135593 0.033341288782816295 0.12442796610169496
0 0.8213961813842483 0.8231991525423729 0.03453460620525066 0.12434322033898293
0 0.7348806682577567 0.6706991525423729 0.035715990453460696 0.1371398305084746
0 0.6519570405727922 0.6939830508474576 0.034510739856801996 0.11171610169491529
0 0.6955131264916466 0.8369491525423729 0.03331742243436763 0.13069915254237274
0 0.605417661097852 0.6961016949152542 0.036885441527446265 0.12019067796610174
0 0.565453460620525 0.7003389830508474 0.02853221957040569 0.11171610169491529
0 0.6531503579952266 0.8210805084745763 0.03212410501193326 0.12434322033898293
0 0.6113842482100238 0.8284745762711865 0.03927207637231493 0.13493644067796598
0 0.5672434367541767 0.8327330508474576 0.036885441527446265 0.12646186440677953
0 0.4837112171837709 0.6706991525423729 0.03447494033412886 0.1371398305084746
0 0.4001909307875895 0.6876483050847457 0.0368496420047734 0.1371398305084746
0 0.4837112171837709 0.820021186440678 0.036861575178997595 0.12646186440677953
0 0.44255369928400956 0.8210805084745763 0.04521479713603817 0.1412923728813558
0 0.35424821002386636 0.6971610169491526 0.0404295942720765 0.12230932203389834
0 0.317255369928401 0.6929237288135593 0.038031026252983165 0.12233050847457629
0 0.27550119331742245 0.6855084745762712 0.03564439140811443 0.1286864406779661
0 0.23552505966587112 0.6738559322033898 0.029665871121718257 0.13504237288135595
0 0.19256563245823388 0.6770338983050848 0.03681384248210013 0.13292372881355935
0 0.14782816229116943 0.6759745762711864 0.035620525059665765 0.11809322033898308
0 0.3184486873508353 0.8305932203389831 0.038031026252983165 0.1391737288135592
0 0.2778878281622912 0.8295338983050848 0.038031026252983165 0.13283898305084754
0 0.2361217183770883 0.8157838983050848 0.040405727923627566 0.13072033898305094
0 0.19733890214797137 0.8104661016949153 0.03681384248210013 0.13283898305084754
0 0.06608591885441527 0.819978813559322 0.04157517899761327 0.14766949152542383
0 0.7402505966587113 0.8305932203389831 0.032136038186157595 0.1306779661016948
0 0.8106563245823389 0.15495762711864408 0.036921241050119395 0.11838983050847457
0 0.4449403341288783 0.6717161016949152 0.05004773269689744 0.13086864406779658
0 0.32738663484486874 0.4938559322033898 0.08454653937947483 0.06311440677966106