0 0.8130429594272077 0.15389830508474575 0.03453460620525066 0.11203389830508474
0 0.7700835322195705 0.15495762711864408 0.03930787589498813 0.11838983050847457
0 0.7199761336515513 0.14436440677966103 0.03452267303102633 0.12262711864406779
0 0.6495704057279236 0.15389830508474575 0.03212410501193326 0.12898305084745762
0 0.6101909307875895 0.15072033898305084 0.03449880668257753 0.12686440677966102
0 0.5678400954653938 0.15389830508474575 0.03330548926014316 0.12050847457627117
0 0.5183174224343675 0.14648305084745764 0.034486873508353194 0.12686440677966102
0 0.47893794749403346 0.15072033898305084 0.03210023866348446 0.12686440677966102
0 0.4109307875894988 0.1380084745762712 0.036861575178997595 0.13533898305084746
0 0.3602147971360382 0.13271186440677965 0.030883054892601562 0.13322033898305083
0 0.3112887828162291 0.12423728813559322 0.03325775656324569 0.14169491525423727
0 0.22359188544152744 0.11576271186440679 0.04159904534606193 0.13747881355932207
0 0.1806324582338902 0.10728813559322034 0.03681384248210013 0.1459533898305085
0 0.14007159904534605 0.11788135593220339 0.029653937947493925 0.12900423728813562
0 0.10069212410501192 0.11048728813559322 0.03441527446300706 0.12264830508474577
0 0.060715990453460614 0.09883474576271187 0.04276849642004763 0.13747881355932204
0 0.8142362768496421 0.3794703389830509 0.0846539379474941 0.06741525423728813
0 0.6579236276849642 0.41442796610169497 0.034510739856801996 0.13726694915254242
0 0.605417661097852 0.3466313559322034 0.039272076372315 0.13309322033898305
0 0.5648568019093079 0.3445127118644068 0.03449880668257753 0.1288559322033898
0 0.5236873508353223 0.3360381355932204 0.035680190930787566 0.12463983050847455
0 0.47774463007159906 0.3434533898305085 0.034486873508353194 0.13097457627118642
0 0.3930310262529833 0.3423940677966102 0.04162291169451087 0.13733050847457626
0 0.3524582338902148 0.33286016949152547 0.039236276849642135 0.12675847457627115
0 0.3089021479713604 0.3254449152542373 0.038031026252983165 0.12887711864406776
0 0.2683412887828162 0.310635593220339 0.030871121718376957 0.12887711864406776
0 0.2259785202863962 0.310635593220339 0.03443914081145573 0.12463983050847455
0 0.18301909307875897 0.29792372881355933 0.039200477326968866 0.13313559322033905
0 0.1418615751789976 0.30216101694915254 0.04278042959427197 0.1246610169491526
0 0.013723150357995227 0.2923728813559322 0.027446300715990454 0.1228813559322034
0 0.8160262529832936 0.6961016949152542 0.033341288782816295 0.12442796610169496
0 0.8118496420047733 0.8274152542372882 0.03453460620525066 0.12434322033898293
0 0.7324940334128879 0.6791525423728814 0.035715990453460696 0.1371398305084746
0 0.7318973747016707 0.8327118644067797 0.03452267303102633 0.13493644067796598
0 0.6459904534606205 0.691864406779661 0.034510739856801996 0.11171610169491529
0 0.6883532219570405 0.8369491525423729 0.03331742243436763 0.13069915254237274
0 0.6018377088305489 0.6833898305084746 0.036885441527446265 0.12019067796610174
0 0.561873508353222 0.6876271186440678 0.02853221957040569 0.11171610169491529
0 0.6471837708830548 0.8189618644067796 0.03212410501193326 0.12434322033898293
0 0.6006443914081145 0.8242372881355933 0.039272076372315 0.13493644067796598
0 0.5576968973747017 0.820021186440678 0.036885441527446265 0.12646186440677953
0 0.4765513126491647 0.6601059322033899 0.03447494033412886 0.1371398305084746
0 0.4353937947494034 0.6654025423728813 0.033281622911694494 0.13925847457627122
0 0.3942243436754177 0.6706991525423729 0.0368496420047734 0.1371398305084746
0 0.47535799522673033 0.8179025423728814 0.036861575178997595 0.12646186440677953
0 0.434200477326969 0.8020127118644068 0.04521479713603817 0.1412923728813558
0 0.35066825775656324 0.6759957627118643 0.0404295942720765 0.12230932203389834
0 0.3112887828162291 0.6632838983050847 0.038031026252983165 0.12233050847457629
0 0.2671479713603819 0.6537499999999999 0.03564439140811443 0.1286864406779661
0 0.22359188544152744 0.6378601694915255 0.029665871121718257 0.13504237288135595
0 0.18421241050119333 0.6431567796610169 0.03681384248210013 0.13292372881355935
0 0.13947494033412888 0.6548093220338983 0.035620525059665765 0.11809322033898308
0 0.3089021479713604 0.8051906779661017 0.038031026252983165 0.1391737288135592
0 0.2659546539379475 0.7998940677966102 0.038031026252983165 0.13283898305084754
0 0.22418854415274464 0.7882415254237288 0.040405727923627566 0.13072033898305094
0 0.1818257756563246 0.7914194915254238 0.03681384248210013 0.13283898305084754
0 0.050572792362768494 0.7797669491525424 0.04157517899761327 0.14766949152542383