0 0.17656769596199523 0.17012658227848101 0.034370546318289785 0.11156118143459914
0 0.2216983372921615 0.17540084388185653 0.03912114014251781 0.11789029535864978
0 0.2680047505938242 0.1648523206751055 0.034358669833729226 0.1221097046413502
0 0.33807600950118766 0.1680168776371308 0.03197149643705458 0.12843881856540085
0 0.38201900237529696 0.1669620253164557 0.03433491686460804 0.12632911392405063
0 0.42298099762470304 0.1659071729957806 0.033147268408551034 0.12
0 0.47345605700712584 0.16274261603375528 0.03432304038004748 0.12632911392405063
0 0.5102731591448931 0.16274261603375528 0.031947743467933463 0.12632911392405063
0 0.579144893111639 0.150084388185654 0.036686460807600935 0.13476793248945146
0 0.6272446555819478 0.15113924050632913 0.030736342042755473 0.13265822784810125
0 0.675938242280285 0.13637130801687763 0.03309976247030866 0.1410970464135021
0 0.7632185273159144 0.12793248945147678 0.04140142517814715 0.1368987341772152
0 0.8047862232779097 0.11949367088607595 0.03663895486935856 0.14533755274261606
0 0.8463420427553444 0.12793248945147678 0.02951306413301652 0.12845991561181436
0 0.8843467933491687 0.12267932489451476 0.03425178147268399 0.12213080168776372
0 0.9253206650831354 0.10896624472573839 0.04256532066508304 0.13689873417721518
0 0.17656769596199523 0.4010759493670886 0.08425178147268408 0.0671308016877637
0 0.33807600950118766 0.3725738396624472 0.0343467933491686 0.13668776371308022
0 0.385581947743468 0.35782700421940933 0.03908551068883607 0.13253164556962024
0 0.42238717339667453 0.3536075949367089 0.03433491686460804 0.12831223628691982
0 0.4657363420427553 0.34727848101265824 0.03551068883610448 0.12411392405063287
0 0.5114608076009501 0.3525527426160338 0.03432304038004748 0.13042194092827003
0 0.595771971496437 0.3536075949367089 0.04142517814726847 0.13675105485232067
0 0.6361520190023753 0.34411392405063296 0.03904988123515452 0.1262236286919831
0 0.680688836104513 0.334620253164557 0.03785035629453669 0.1283333333333333
0 0.7198693586698337 0.31143459915611815 0.030724465558194646 0.1283333333333333
0 0.7632185273159144 0.3156540084388186 0.03427553444180511 0.12411392405063287
0 0.8024109263657957 0.30510548523206754 0.039014251781472574 0.1325738396624473
0 0.8409976247030879 0.30510548523206754 0.0425771971496436 0.12413502109704645
0 0.9745961995249406 0.2956118143459916 0.03661520190023744 0.12202531645569624
0 0.17953681710213776 0.7058227848101266 0.033182897862232774 0.12390295358649793
0 0.18369358669833727 0.8365822784810127 0.034370546318289785 0.12381856540084375
0 0.26267220902612826 0.6889451476793249 0.03554631828978623 0.1365611814345992
0 0.3440142517814727 0.699493670886076 0.0343467933491686 0.11124472573839667
0 0.306603325415677 0.8460759493670886 0.03315914489311162 0.13014767932489438
0 0.39270783847981 0.6931645569620253 0.03671021377672205 0.1196835443037975
0 0.4324821852731591 0.6973839662447258 0.028396674584323003 0.11124472573839667
0 0.34757719714964375 0.8281645569620253 0.03197149643705458 0.12381856540084375
0 0.393895486935867 0.8334177215189874 0.03908551068883607 0.1343670886075948
0 0.43663895486935866 0.8292194092827004 0.03671021377672205 0.12592827004219398
0 0.513836104513064 0.6678691983122362 0.03431116389548692 0.1365611814345992
0 0.5524228028503563 0.6731434599156118 0.033123515439429915 0.1386708860759494
0 0.599334916864608 0.6805274261603376 0.036674584323040445 0.1365611814345992
0 0.5185866983372921 0.8271097046413503 0.036686460807600935 0.12592827004219398
0 0.5595486935866983 0.8112869198312237 0.044999999999999984 0.14069620253164544
0 0.6426840855106888 0.6858016877637131 0.040237529691211534 0.12179324894514772
0 0.68187648456057 0.6731434599156118 0.03785035629453669 0.1218143459915612
0 0.7246199524940617 0.6615400843881857 0.03547505938242267 0.12814345991561182
0 0.7632185273159144 0.6414978902953586 0.02952494061757708 0.13447257383966246
0 0.8035985748218527 0.6404430379746835 0.03663895486935856 0.13236286919831225
0 0.8493111638954869 0.6541561181434599 0.035451306413301555 0.11759493670886077
0 0.6842517814726841 0.8144514767932489 0.03785035629453669 0.13858649789029523
0 0.7269952494061758 0.8091772151898734 0.03785035629453669 0.13227848101265832
0 0.768562945368171 0.7975738396624473 0.040213776722090144 0.1301687763713081
0 0.8107244655581948 0.8007383966244725 0.03663895486935856 0.13227848101265832
0 0.9354156769596199 0.7764767932489451 0.04137767220902603 0.1470464135021098
0 0.18171021377672208 0.9789029535864979 0.06413301662707839 0.04219409282700422