0 0.7676128266033254 0.15010548523206751 0.03912114014251788 0.11789029535864978
0 0.7189311163895488 0.1479746835443038 0.03435866983372929 0.1221097046413502
0 0.6512351543942992 0.15535864978902952 0.03197149643705472 0.12843881856540085
0 0.6072921615201899 0.15219409282700422 0.03433491686460804 0.12632911392405063
0 0.5675178147268409 0.15746835443037974 0.033147268408551034 0.12
0 0.5170427553444181 0.16274261603375528 0.03432304038004748 0.12632911392405063
0 0.48022565320665084 0.1711814345991561 0.031947743467933463 0.12632911392405063
0 0.412541567695962 0.15639240506329113 0.036686460807600935 0.13476793248945146
0 0.3608788598574822 0.1532278481012658 0.030736342042755473 0.13265822784810125
0 0.3145605700712589 0.15111814345991562 0.03309976247030866 0.1410970464135021
0 0.22965558194774346 0.13845991561181434 0.04140142517814715 0.13689873417721515
0 0.1833372921615202 0.1342405063291139 0.03663895486935856 0.145337552742616
0 0.14415676959619952 0.1532278481012658 0.02951306413301652 0.12845991561181433
0 0.10496437054631828 0.1479746835443038 0.03425178147268399 0.12213080168776375
0 0.06280285035629453 0.13426160337552742 0.04256532066508304 0.1368987341772152
0 0.8151187648456057 0.36945147679324897 0.08425178147268415 0.0671308016877637
0 0.603729216152019 0.3493881856540085 0.03908551068883607 0.13253164556962024
0 0.5704869358669834 0.3493881856540085 0.03433491686460804 0.12831223628691982
0 0.5235748218527316 0.3409493670886076 0.03551068883610448 0.12411392405063287
0 0.4790380047505938 0.3525527426160338 0.03432304038004748 0.13042194092827003
0 0.39828978622327793 0.35780590717299576 0.04142517814726854 0.13675105485232067
0 0.35672209026128265 0.34411392405063296 0.03904988123515452 0.1262236286919831
0 0.31693586698337295 0.330379746835443 0.03785035629453669 0.1283333333333333
0 0.2706294536817102 0.3304008438818566 0.030724465558194646 0.1283333333333333
0 0.22728028503562947 0.3367299578059072 0.03427553444180511 0.12411392405063287
0 0.19046318289786224 0.32829113924050635 0.039014251781472574 0.13257383966244732
0 0.14950118764845605 0.330379746835443 0.0425771971496436 0.12413502109704636
0 0.019489311163895448 0.32934599156118144 0.03660332541567688 0.12202531645569627
0 0.8216508313539193 0.6805274261603376 0.033182897862232844 0.12390295358649793
0 0.8222446555819478 0.8133966244725739 0.03437054631828985 0.12381856540084375
0 0.7361401425178148 0.6615400843881857 0.0355463182897863 0.1365611814345992
0 0.6536104513064132 0.6847257383966244 0.03434679334916873 0.11124472573839667
0 0.696959619952494 0.8270886075949367 0.033159144893111725 0.13014767932489438
0 0.6072921615201899 0.6868354430379747 0.03671021377672205 0.1196835443037975
0 0.5675178147268409 0.6910548523206751 0.028396674584323003 0.11124472573839667
0 0.6547980997624702 0.8112869198312237 0.03197149643705472 0.12381856540084375
0 0.613230403800475 0.8186497890295359 0.039085510688836 0.1343670886075948
0 0.5692992874109264 0.8228902953586498 0.03671021377672205 0.12592827004219398
0 0.4861638954869359 0.6615400843881857 0.03431116389548692 0.1365611814345992
0 0.403040380047506 0.6784177215189874 0.03667458432304051 0.1365611814345992
0 0.4861638954869359 0.8102320675105485 0.036686460807600935 0.12592827004219398
0 0.4452019002375297 0.8112869198312237 0.044999999999999984 0.14069620253164544
0 0.35731591448931116 0.6878902953586498 0.040237529691211534 0.12179324894514772
0 0.320498812351544 0.6836708860759494 0.03785035629453669 0.1218143459915612
0 0.2789429928741093 0.6762869198312237 0.03547505938242267 0.12814345991561182
0 0.233812351543943 0.6583544303797468 0.0330878859857481 0.13447257383966246
0 0.19402612826603327 0.669957805907173 0.03663895486935856 0.13236286919831225
0 0.14831353919239904 0.6689029535864979 0.035451306413301555 0.11759493670886077
0 0.321686460807601 0.8207594936708861 0.03785035629453669 0.13858649789029523
0 0.2813182897862233 0.819704641350211 0.03785035629453669 0.13227848101265832
0 0.23975059382422803 0.8060126582278482 0.040213776722090144 0.1301687763713081
0 0.2011520190023753 0.8007172995780591 0.03663895486935856 0.13227848101265832
0 0.06577197149643704 0.7996413502109704 0.04137767220902603 0.1470464135021098
0 0.7414845605700713 0.8207594936708861 0.03198337292161528 0.1301265822784809
0 0.8139311163895487 0.1479746835443038 0.03674584323040386 0.11789029535864978
0 0.4475771971496437 0.6625527426160338 0.04980997624703094 0.13031645569620248
0 0.6452494061757719 0.46645569620253163 0.08414489311163892 0.06284810126582283