0 0.8222446555819478 0.17223628691983123 0.03437054631828985 0.11156118143459914
0 0.7771140142517815 0.17751054852320675 0.03912114014251788 0.11789029535864978
0 0.7308076009501188 0.1669620253164557 0.03435866983372929 0.1221097046413502
0 0.6607363420427552 0.17012658227848101 0.03197149643705472 0.12843881856540085
0 0.616793349168646 0.16907172995780592 0.03433491686460797 0.12632911392405063
0 0.5758313539192399 0.1680168776371308 0.033147268408551034 0.12
0 0.5253562945368171 0.1648523206751055 0.03432304038004748 0.12632911392405063
0 0.4885391923990499 0.1648523206751055 0.031947743467933463 0.12632911392405063
0 0.4196674584323041 0.15219409282700422 0.036686460807600935 0.13476793248945146
0 0.3715676959619953 0.15324894514767934 0.030736342042755473 0.13265822784810125
0 0.32287410926365795 0.13848101265822785 0.03309976247030866 0.1410970464135021
0 0.23559382422802852 0.130042194092827 0.04140142517814715 0.1368987341772152
0 0.19402612826603327 0.12160337552742616 0.03663895486935856 0.14533755274261606
0 0.15247030878859857 0.130042194092827 0.02951306413301652 0.12845991561181438
0 0.11446555819477434 0.12478902953586497 0.03425178147268399 0.12213080168776372
0 0.0734916864608076 0.1110759493670886 0.04256532066508304 0.13689873417721518
0 0.8222446555819478 0.40318565400843887 0.08425178147268415 0.0671308016877637
0 0.6642992874109263 0.3957594936708861 0.03434679334916873 0.13668776371308022
0 0.613230403800475 0.3599367088607595 0.039085510688836 0.13253164556962024
0 0.5764251781472685 0.3557172995780591 0.03433491686460804 0.12831223628691982
0 0.5330760095011877 0.3493881856540085 0.03551068883610448 0.12411392405063287
0 0.4873515439429929 0.354662447257384 0.03432304038004748 0.13042194092827003
0 0.403040380047506 0.3557172995780591 0.04142517814726854 0.13675105485232067
0 0.3626603325415677 0.34622362869198314 0.03904988123515452 0.1262236286919831
0 0.31812351543942996 0.3367299578059072 0.03785035629453669 0.1283333333333333
0 0.2789429928741093 0.32409282700421943 0.030724465558194646 0.1283333333333333
0 0.2367814726840855 0.3262025316455696 0.03427553444180511 0.12411392405063287
0 0.19640142517814727 0.31143459915611815 0.039014251781472574 0.13257383966244732
0 0.15306413301662708 0.31143459915611815 0.0425771971496436 0.12413502109704648
0 0.02777909738717338 0.29983122362869197 0.03661520190023744 0.12202531645569627
0 0.8192755344418052 0.7079324894514768 0.033182897862232844 0.12390295358649793
0 0.8151187648456057 0.8386919831223629 0.03437054631828985 0.12381856540084375
0 0.7361401425178148 0.6910548523206751 0.0355463182897863 0.1365611814345992
0 0.6547980997624702 0.7016033755274261 0.03434679334916873 0.11124472573839667
0 0.692209026128266 0.8481856540084388 0.033159144893111725 0.13014767932489438
0 0.6061045130641329 0.6952742616033756 0.03671021377672205 0.1196835443037975
0 0.5663301662707839 0.699493670886076 0.028396674584323003 0.11124472573839667
0 0.6512351543942992 0.8302742616033756 0.03197149643705472 0.12381856540084375
0 0.604916864608076 0.8355274261603376 0.03908551068883607 0.1343670886075948
0 0.5621733966745843 0.8313291139240506 0.03671021377672205 0.12592827004219398
0 0.4849762470308789 0.6699789029535865 0.03431116389548692 0.1365611814345992
0 0.4428266033254157 0.6773628691983122 0.033123515439429915 0.1386708860759494
0 0.39947743467933494 0.6826371308016878 0.03667458432304051 0.1365611814345992
0 0.48022565320665084 0.8292194092827004 0.036686460807600935 0.12592827004219398
0 0.43926365795724465 0.8133966244725739 0.044999999999999984 0.14069620253164544
0 0.35612826603325415 0.6879113924050633 0.040237529691211534 0.12179324894514772
0 0.31693586698337295 0.675253164556962 0.03785035629453669 0.1218143459915612
0 0.27419239904988124 0.6636497890295359 0.03547505938242267 0.12814345991561182
0 0.23559382422802852 0.6436075949367088 0.02952494061757708 0.13447257383966246
0 0.19046318289786224 0.655210970464135 0.03663895486935856 0.13236286919831225
0 0.14593824228028504 0.6668143459915612 0.035451306413301555 0.11759493670886077
0 0.3145605700712589 0.8165611814345992 0.03785035629453669 0.13858649789029523
0 0.2718171021377672 0.8112869198312237 0.03785035629453669 0.13227848101265832
0 0.23024940617577197 0.7996835443037975 0.040213776722090144 0.1301687763713081
0 0.18808788598574822 0.8028481012658228 0.03663895486935856 0.13227848101265832
0 0.06339667458432303 0.7785864978902954 0.04137767220902603 0.1470464135021098
0 0.7048693586698337 0.9694092827004219 0.06294536817102138 0.06118143459915612