0 0.7497971360381862 0.1486228813559322 0.03930787589498813 0.11838983050847457
0 0.7044630071599046 0.15072033898305084 0.03452267303102633 0.12262711864406779
0 0.6352505966587111 0.158135593220339 0.03212410501193326 0.12898305084745762
0 0.5970644391408114 0.15283898305084745 0.03449880668257753 0.12686440677966102
0 0.5511336515513127 0.17296610169491525 0.03330548926014316 0.12050847457627117
0 0.5016109785202865 0.16766949152542374 0.034486873508353194 0.12686440677966102
0 0.4634248210023867 0.1803813559322034 0.03210023866348446 0.12686440677966102
0 0.39541766109785204 0.17612288135593218 0.036861575178997734 0.13533898305084746
0 0.3470883054892602 0.1771822033898305 0.030883054892601562 0.13322033898305083
0 0.30293556085918855 0.16235169491525422 0.03325775656324569 0.14169491525423727
0 0.21285202863961813 0.16235169491525422 0.04159904534606193 0.137478813559322
0 0.1710859188544153 0.16023305084745762 0.03681384248210013 0.14595338983050846
0 0.13171837708830547 0.17082627118644067 0.029653937947493925 0.12900423728813556
0 0.091145584725537 0.16766949152542374 0.03441527446300706 0.12264830508474579
0 0.04758949880668257 0.1644915254237288 0.04276849642004763 0.13747881355932207
0 0.8023031026252984 0.36889830508474575 0.0846539379474941 0.06741525423728813
0 0.5934844868735083 0.3593432203389831 0.039272076372315 0.13309322033898305
0 0.5588902147971361 0.3572245762711865 0.03449880668257753 0.1288559322033898
0 0.5141408114558473 0.3593432203389831 0.035680190930787566 0.12463983050847455
0 0.4693914081145585 0.3688771186440678 0.034486873508353194 0.13097457627118642
0 0.38706443914081146 0.3677966101694915 0.04162291169451087 0.13733050847457626
0 0.3452983293556086 0.373093220338983 0.039236276849642135 0.12675847457627115
0 0.30293556085918855 0.3656779661016949 0.038031026252983165 0.12887711864406776
0 0.26356801909307875 0.338156779661017 0.030871121718376957 0.12887711864406776
0 0.21762529832935562 0.3551059322033899 0.03443914081145573 0.12463983050847455
0 0.1806324582338902 0.3466313559322034 0.039200477326968866 0.13313559322033905
0 0.13828162291169452 0.3550847457627119 0.04278042959427197 0.12466101694915249
0 0.013723150357995227 0.3644067796610169 0.027446300715990454 0.1228813559322034
0 0.8136396181384249 0.6791737288135593 0.033341288782816295 0.12442796610169496
0 0.8178162291169452 0.8147245762711864 0.03453460620525066 0.12434322033898293
0 0.7313007159904535 0.6706991525423729 0.035715990453460696 0.1371398305084746
0 0.6483770883054891 0.6939830508474576 0.034510739856801996 0.11171610169491529
0 0.6919331742243435 0.8369491525423729 0.03331742243436763 0.13069915254237274
0 0.6018377088305489 0.6961016949152542 0.036885441527446265 0.12019067796610174
0 0.561873508353222 0.7003389830508474 0.02853221957040569 0.11171610169491529
0 0.6495704057279236 0.8210805084745763 0.03212410501193326 0.12434322033898293
0 0.6078042959427208 0.8284745762711865 0.039272076372315 0.13493644067796598
0 0.5636634844868735 0.8327330508474576 0.036885441527446265 0.12646186440677953
0 0.4801312649164678 0.6706991525423729 0.03447494033412886 0.1371398305084746
0 0.39661097852028643 0.6876483050847457 0.0368496420047734 0.1371398305084746
0 0.4801312649164678 0.8327330508474576 0.036861575178997595 0.12646186440677953
0 0.44016706443914083 0.8295550847457628 0.04521479713603817 0.1412923728813558
0 0.35066825775656324 0.6971610169491526 0.0404295942720765 0.12230932203389834
0 0.31367541766109786 0.6929237288135593 0.038031026252983165 0.12233050847457629
0 0.27192124105011933 0.6855084745762712 0.03564439140811443 0.1286864406779661
0 0.23194510739856802 0.6738559322033898 0.029665871121718257 0.13504237288135595
0 0.19017899761336515 0.6791525423728814 0.03681384248210013 0.13292372881355935
0 0.1454415274463007 0.6971398305084746 0.035620525059665765 0.11809322033898308
0 0.317255369928401 0.8390677966101695 0.038031026252983165 0.1391737288135592
0 0.27430787589498806 0.8295338983050848 0.038031026252983165 0.13283898305084754
0 0.23254176610978522 0.8157838983050848 0.040405727923627566 0.13072033898305094
0 0.196145584725537 0.8274152542372882 0.03681384248210013 0.13283898305084754
0 0.06369928400954654 0.830572033898305 0.04157517899761327 0.14766949152542383
0 0.7366706443914082 0.8305932203389831 0.032136038186157595 0.1306779661016948
0 0.7963365155131266 0.14436440677966103 0.036921241050119395 0.11838983050847457
0 0.05369928400954654 0.036016949152542374 0.07637231503579953 0.07203389830508475
0 0.5093675417661098 0.4843220338983051 0.07152744630071606 0.07368644067796616