0 0.8213961813842483 0.1602542372881356 0.03453460620525066 0.11203389830508474
0 0.7784367541766111 0.1613135593220339 0.03930787589498813 0.11838983050847457
0 0.7283293556085919 0.15072033898305084 0.03452267303102633 0.12262711864406779
0 0.6579236276849642 0.1602542372881356 0.03212410501193326 0.12898305084745762
0 0.6185441527446299 0.15707627118644069 0.03449880668257746 0.12686440677966102
0 0.5761933174224344 0.1602542372881356 0.03330548926014316 0.12050847457627117
0 0.5266706443914081 0.15283898305084745 0.034486873508353194 0.12686440677966102
0 0.48729116945107404 0.15707627118644069 0.03210023866348446 0.12686440677966102
0 0.4192840095465394 0.14436440677966103 0.036861575178997595 0.13533898305084746
0 0.3685680190930788 0.1390677966101695 0.030883054892601562 0.13322033898305083
0 0.3196420047732697 0.13059322033898305 0.03325775656324569 0.14169491525423727
0 0.23194510739856802 0.12211864406779661 0.04159904534606193 0.13747881355932207
0 0.1889856801909308 0.11364406779661017 0.03681384248210013 0.1459533898305085
0 0.14842482100238663 0.12423728813559322 0.029653937947493925 0.12900423728813562
0 0.1090453460620525 0.11684322033898305 0.03441527446300706 0.12264830508474577
0 0.0690692124105012 0.1051906779661017 0.04276849642004763 0.13747881355932204
0 0.8225894988066826 0.3858262711864407 0.0846539379474941 0.06741525423728813
0 0.6662768496420046 0.4207838983050848 0.034510739856801996 0.13726694915254242
0 0.6137708830548925 0.35298728813559327 0.03927207637231493 0.13309322033898305
0 0.5732100238663485 0.35086864406779666 0.03449880668257753 0.1288559322033898
0 0.5320405727923628 0.3423940677966102 0.035680190930787566 0.12463983050847455
0 0.48609785202863964 0.3498093220338983 0.034486873508353194 0.13097457627118642
0 0.4013842482100239 0.34875 0.04162291169451087 0.13733050847457626
0 0.3608114558472554 0.3392161016949153 0.039236276849642135 0.12675847457627115
0 0.317255369928401 0.33180084745762717 0.038031026252983165 0.12887711864406776
0 0.2766945107398568 0.3169915254237288 0.030871121718376957 0.12887711864406776
0 0.23433174224343675 0.3169915254237288 0.03443914081145573 0.12463983050847455
0 0.19137231503579952 0.30427966101694914 0.039200477326968866 0.13313559322033905
0 0.1502147971360382 0.3085169491525424 0.04278042959427197 0.1246610169491526
0 0.017899761336515514 0.298728813559322 0.03579952267303103 0.1228813559322034
0 0.8243794749403341 0.7024576271186441 0.033341288782816295 0.12442796610169496
0 0.8202028639618139 0.833771186440678 0.03453460620525066 0.12434322033898293
0 0.7408472553699285 0.6855084745762712 0.035715990453460696 0.1371398305084746
0 0.7402505966587113 0.8390677966101695 0.03452267303102633 0.13493644067796598
0 0.654343675417661 0.6982203389830508 0.034510739856801996 0.11171610169491529
0 0.6967064439140811 0.8433050847457627 0.03331742243436763 0.13069915254237274
0 0.6101909307875895 0.6897457627118644 0.036885441527446265 0.12019067796610174
0 0.5702267303102626 0.6939830508474576 0.02853221957040569 0.11171610169491529
0 0.6555369928400954 0.8253177966101695 0.03212410501193326 0.12434322033898293
0 0.6089976133651551 0.8305932203389831 0.039272076372315 0.13493644067796598
0 0.5660501193317423 0.8263771186440678 0.036885441527446265 0.12646186440677953
0 0.48490453460620525 0.6664618644067797 0.03447494033412886 0.1371398305084746
0 0.44374701670644395 0.6717584745762711 0.033281622911694494 0.13925847457627122
0 0.4025775656324582 0.6770550847457627 0.0368496420047734 0.1371398305084746
0 0.4837112171837709 0.8242584745762712 0.036861575178997595 0.12646186440677953
0 0.44255369928400956 0.8083686440677966 0.04521479713603817 0.1412923728813558
0 0.3590214797136038 0.6823516949152543 0.0404295942720765 0.12230932203389834
0 0.3196420047732697 0.6696398305084745 0.038031026252983165 0.12233050847457629
0 0.27550119331742245 0.6601059322033899 0.03564439140811443 0.1286864406779661
0 0.23194510739856802 0.6442161016949153 0.029665871121718257 0.13504237288135595
0 0.19256563245823388 0.6495127118644067 0.03681384248210013 0.13292372881355935
0 0.14782816229116943 0.6611652542372881 0.035620525059665765 0.11809322033898308
0 0.317255369928401 0.8115466101694916 0.038031026252983165 0.1391737288135592
0 0.27430787589498806 0.80625 0.038031026252983165 0.13283898305084754
0 0.23254176610978522 0.7945974576271186 0.040405727923627566 0.13072033898305094
0 0.19017899761336515 0.7977754237288136 0.03681384248210013 0.13283898305084754
0 0.05892601431980907 0.7861228813559322 0.04157517899761327 0.14766949152542383