0 0.23461630695443644 0.1492553191489362 0.03949640287769784 0.11889361702127658
0 0.28016786570743407 0.15136170212765956 0.034688249400479626 0.12314893617021276
0 0.35450839328537176 0.1545531914893617 0.032278177458033526 0.129531914893617
0 0.3988729016786571 0.15136170212765956 0.03466426858513186 0.12740425531914892
0 0.43902877697841725 0.15668085106382978 0.03346522781774577 0.12102127659574467
0 0.48998800959232613 0.162 0.03465227817745801 0.12740425531914892
0 0.527158273381295 0.17051063829787233 0.03225419664268583 0.12740425531914892
0 0.5954916067146283 0.15559574468085105 0.03703836930455641 0.13591489361702128
0 0.6476498800959233 0.15240425531914892 0.03103117505995217 0.1337872340425532
0 0.6944124700239808 0.15027659574468083 0.03341726618705023 0.1422978723404255
0 0.7801318944844124 0.13751063829787233 0.041798561151079015 0.13806382978723403
0 0.82689448441247 0.13325531914893615 0.0369904076738608 0.14657446808510635
0 0.8664508393285372 0.15240425531914892 0.029796163069544256 0.1295531914893617
0 0.9060191846522782 0.14710638297872342 0.03458033573141477 0.12317021276595747
0 0.9485851318944845 0.13327659574468084 0.04297362110311741 0.13806382978723408
0 0.1854556354916067 0.3768510638297872 0.0850599520383693 0.06770212765957445
0 0.4024700239808154 0.3502340425531915 0.03946043165467622 0.1336595744680851
0 0.43603117505995204 0.3502340425531915 0.03466426858513186 0.12940425531914893
0 0.4833932853717026 0.34172340425531916 0.0358513189448441 0.1251702127659574
0 0.528357314148681 0.3534255319148936 0.03465227817745801 0.131531914893617
0 0.6098800959232614 0.3587234042553191 0.04182254196642692 0.13791489361702125
0 0.6518465227817746 0.3449148936170213 0.03942446043165481 0.1272978723404255
0 0.6920143884892086 0.33106382978723403 0.03821342925659459 0.1294255319148936
0 0.7387649880095923 0.3310851063829788 0.031019184652278046 0.1294255319148936
0 0.7825299760191846 0.337468085106383 0.03460431654676247 0.1251702127659574
0 0.8197002398081534 0.3289574468085107 0.039388489208632985 0.1337021276595745
0 0.8610551558752998 0.33106382978723403 0.042985611510791256 0.1251914893617021
0 0.986810551558753 0.32978723404255317 0.026378896882494004 0.12340425531914893
0 0.18245803357314147 0.6841914893617022 0.033501199040767385 0.12495744680851067
0 0.18185851318944843 0.8181914893617022 0.034700239808153475 0.12487234042553179
0 0.26878896882494 0.6650425531914893 0.03588729016786572 0.13772340425531918
0 0.35211031175059954 0.6884255319148936 0.03467625899280571 0.11219148936170216
0 0.3083453237410072 0.8320000000000001 0.03347721822541965 0.13125531914893604
0 0.3988729016786571 0.6905531914893617 0.03706235011990404 0.12070212765957451
0 0.43902877697841725 0.6948085106382978 0.0286690647482014 0.11219148936170216
0 0.35091127098321345 0.816063829787234 0.032278177458033526 0.12487234042553179
0 0.39287769784172666 0.8234893617021277 0.03946043165467622 0.13551063829787222
0 0.4372302158273381 0.8277659574468086 0.03706235011990404 0.12699999999999986
0 0.5211630695443645 0.6650425531914893 0.03464028776978416 0.13772340425531918
0 0.605083932853717 0.682063829787234 0.03702637889688256 0.13772340425531918
0 0.5211630695443645 0.8150000000000001 0.03703836930455634 0.12699999999999986
0 0.5625179856115108 0.816063829787234 0.045431654676258974 0.14189361702127648
0 0.6512470023980815 0.6916170212765957 0.0406235011990409 0.12282978723404259
0 0.6884172661870503 0.6873617021276596 0.03821342925659459 0.12285106382978725
0 0.7303717026378896 0.6799148936170213 0.03581534772182241 0.1292340425531915
0 0.7759352517985612 0.6618297872340425 0.03340527577937638 0.13561702127659575
0 0.8161031175059952 0.6735319148936171 0.0369904076738608 0.1334893617021277
0 0.8622541966426859 0.672468085106383 0.03579136690647471 0.11859574468085109
0 0.6872182254196643 0.8256170212765958 0.03821342925659459 0.1397659574468084
0 0.7279736211031175 0.8245531914893618 0.03821342925659459 0.13340425531914904
0 0.7699400479616307 0.8107446808510639 0.040599520383692925 0.13127659574468095
0 0.8089088729016787 0.8054042553191489 0.0369904076738608 0.13340425531914904
0 0.9455875299760191 0.8043191489361702 0.041774580335731316 0.14829787234042563
0 0.26339328537170265 0.8256170212765958 0.032290167865707445 0.13123404255319138
0 0.19025179856115107 0.14710638297872342 0.03709832134292566 0.11889361702127658
0 0.5601199040767386 0.6660638297872341 0.05028776978417273 0.1314255319148936
0 0.3221942446043165 0.4768085106382979 0.08495203836930458 0.0633829787234043