0 0.7592992874109264 0.15010548523206751 0.03912114014251788 0.11789029535864978
0 0.7153681710213777 0.15219409282700422 0.03435866983372929 0.1221097046413502
0 0.6429216152019002 0.15957805907172995 0.03197149643705472 0.12843881856540085
0 0.604916864608076 0.15430379746835443 0.03433491686460804 0.12632911392405063
0 0.5627672209026129 0.17434599156118144 0.033147268408551034 0.12
0 0.5146674584323041 0.1711814345991561 0.03432304038004748 0.12632911392405063
0 0.4790380047505938 0.18172995780590717 0.031947743467933463 0.12632911392405063
0 0.40779097387173396 0.1732700421940928 0.036686460807601066 0.13476793248945146
0 0.35612826603325415 0.17221518987341772 0.030736342042755473 0.13265822784810125
0 0.3121852731591449 0.16377637130801687 0.03309976247030866 0.1410970464135021
0 0.22252969121140143 0.16377637130801687 0.04140142517814715 0.13689873417721515
0 0.18096199524940618 0.16166666666666665 0.03663895486935856 0.145337552742616
0 0.1417814726840855 0.17221518987341772 0.02951306413301652 0.12845991561181433
0 0.10140142517814726 0.16907172995780592 0.03425178147268399 0.12213080168776375
0 0.06636579572446555 0.15113924050632913 0.04256532066508304 0.1368987341772152
0 0.8091805225653207 0.36945147679324897 0.08425178147268415 0.0671308016877637
0 0.601353919239905 0.3599367088607595 0.03908551068883607 0.13253164556962024
0 0.5669239904988124 0.35782700421940933 0.03433491686460804 0.12831223628691982
0 0.5223871733966746 0.3599367088607595 0.03551068883610448 0.12411392405063287
0 0.47785035629453687 0.36943037974683546 0.03432304038004748 0.13042194092827003
0 0.3959144893111639 0.3683544303797468 0.04142517814726854 0.13675105485232067
0 0.35672209026128265 0.354662447257384 0.03904988123515452 0.1262236286919831
0 0.3145605700712589 0.3556962025316456 0.03785035629453669 0.1283333333333333
0 0.27300475059382423 0.33883966244725744 0.030724465558194646 0.1283333333333333
0 0.22965558194774346 0.34516877637130805 0.03427553444180511 0.12411392405063287
0 0.19283847980997626 0.3367299578059072 0.039014251781472574 0.13257383966244732
0 0.15187648456057007 0.3388185654008439 0.0425771971496436 0.12413502109704636
0 0.019489311163895448 0.34622362869198314 0.03660332541567688 0.12202531645569627
0 0.8204631828978622 0.6784177215189874 0.033182897862232844 0.12390295358649793
0 0.8246199524940618 0.8133966244725739 0.03437054631828985 0.12381856540084375
0 0.7385154394299288 0.6699789029535865 0.0355463182897863 0.1365611814345992
0 0.6559857482185272 0.6931645569620253 0.03434679334916873 0.11124472573839667
0 0.699334916864608 0.8355274261603376 0.033159144893111725 0.13014767932489438
0 0.609667458432304 0.6952742616033756 0.036710213776721984 0.1196835443037975
0 0.5698931116389548 0.699493670886076 0.028396674584323003 0.11124472573839667
0 0.6571733966745842 0.8197257383966245 0.03197149643705472 0.12381856540084375
0 0.615605700712589 0.8270886075949367 0.039085510688836 0.1343670886075948
0 0.5716745843230404 0.8313291139240506 0.03671021377672205 0.12592827004219398
0 0.4885391923990499 0.6699789029535865 0.03431116389548692 0.1365611814345992
0 0.40541567695961994 0.6868565400843881 0.03667458432304051 0.1365611814345992
0 0.4885391923990499 0.8186708860759494 0.036686460807600935 0.12592827004219398
0 0.4475771971496437 0.8197257383966245 0.044999999999999984 0.14069620253164544
0 0.3596912114014252 0.6963291139240506 0.040237529691211534 0.12179324894514772
0 0.32287410926365795 0.6921097046413502 0.03785035629453669 0.1218143459915612
0 0.2813182897862233 0.6847257383966244 0.03547505938242267 0.12814345991561182
0 0.24153206650831355 0.6731223628691984 0.02952494061757708 0.13447257383966246
0 0.19758907363420428 0.6762869198312237 0.03663895486935856 0.13236286919831225
0 0.15543942992874107 0.6963080168776371 0.035451306413301555 0.11759493670886077
0 0.326437054631829 0.8376371308016878 0.03785035629453669 0.13858649789029523
0 0.2836935866983373 0.8281434599156119 0.03785035629453669 0.13227848101265832
0 0.24212589073634205 0.8144514767932489 0.040213776722090144 0.1301687763713081
0 0.20590261282660333 0.8260337552742616 0.03663895486935856 0.13227848101265832
0 0.07408551068883609 0.8291772151898733 0.04137767220902603 0.1470464135021098
0 0.7438598574821853 0.8291983122362869 0.03198337292161528 0.1301265822784809
0 0.8091805225653207 0.14375527426160337 0.03674584323040386 0.11789029535864978
0 0.44995249406175775 0.6709915611814347 0.04980997624703094 0.13031645569620248