0 0.23365248226950353 0.15997899159663867 0.03893617021276596 0.11739495798319327
0 0.2773758865248227 0.15785714285714286 0.03419621749408984 0.12159663865546218
0 0.34711583924349887 0.16100840336134453 0.03182033096926709 0.12789915966386553
0 0.38848699763593386 0.15785714285714286 0.03417257683215126 0.12579831932773108
0 0.433983451536643 0.163109243697479 0.03299054373522455 0.11949579831932772
0 0.48185579196217493 0.16205882352941176 0.034160756501182006 0.12579831932773108
0 0.518498817966903 0.17256302521008404 0.03179669030732858 0.12579831932773108
0 0.5846808510638297 0.1494327731092437 0.036513002364066176 0.1342016806722689
0 0.6420094562647753 0.15888655462184872 0.030591016548463485 0.13210084033613445
0 0.6857446808510638 0.15468487394957983 0.03294326241134739 0.14050420168067226
0 0.7714302600472813 0.13577731092436973 0.04120567375886513 0.13632352941176468
0 0.8128014184397163 0.12317226890756303 0.03646572104018902 0.14472689075630252
0 0.8565248226950355 0.14418067226890754 0.029373522458628735 0.12792016806722686
0 0.895531914893617 0.13894957983193276 0.03408983451536633 0.12161764705882354
0 0.9351300236406619 0.12111344537815126 0.04236406619385333 0.1363235294117647
0 0.18637115839243498 0.3805042016806723 0.08385342789598109 0.06684873949579831
0 0.3967612293144208 0.3521218487394958 0.038900709219858116 0.13197478991596637
0 0.43339243498817964 0.35422268907563026 0.03417257683215126 0.12777310924369747
0 0.47535460992907796 0.3395168067226891 0.03534278959810872 0.12359243697478989
0 0.5149527186761229 0.3510714285714286 0.034160756501182006 0.12987394957983192
0 0.6000472813238771 0.3521008403361344 0.041229314420803846 0.1361764705882353
0 0.6461465721040189 0.34897058823529414 0.038865248226950484 0.12569327731092433
0 0.6857446808510638 0.326890756302521 0.03767139479905424 0.12779411764705878
0 0.7318321513002364 0.3353151260504202 0.03057919621749396 0.12779411764705878
0 0.7702482269503546 0.3269117647058824 0.03411347517730485 0.12359243697478989
0 0.8128014184397163 0.3164075630252101 0.03882978723404244 0.13201680672268912
0 0.8500236406619386 0.3101050420168068 0.04237588652482259 0.1236134453781513
0 0.9822695035460993 0.31092436974789917 0.03546099290780142 0.12184873949579832
0 0.1834160756501182 0.6839705882352941 0.033026004728132385 0.12338235294117651
0 0.18282505910165484 0.8309873949579832 0.0342080378250591 0.12329831932773097
0 0.26497635933806146 0.6818697478991597 0.035378250591016555 0.13598739495798323
0 0.3494799054373523 0.6965546218487395 0.03418439716312052 0.11077731092436979
0 0.3075177304964539 0.8341176470588235 0.03300236406619384 0.12960084033613434
0 0.3967612293144208 0.6902521008403362 0.03653664302600469 0.1191806722689076
0 0.4363475177304964 0.6944537815126051 0.028262411347517693 0.11077731092436979
0 0.3494799054373523 0.8246848739495799 0.03182033096926709 0.12329831932773097
0 0.39203309692671395 0.8215126050420168 0.038900709219858116 0.13380252100840323
0 0.43457446808510636 0.8257352941176471 0.03653664302600469 0.12539915966386542
0 0.5173167848699763 0.665063025210084 0.03414893617021275 0.13598739495798323
0 0.6000472813238771 0.6776680672268908 0.03650118203309699 0.13598739495798323
0 0.5161347517730496 0.8173319327731092 0.036513002364066176 0.12539915966386542
0 0.5580851063829787 0.8141806722689076 0.04478723404255318 0.1401050420168066
0 0.6455555555555555 0.6913025210084034 0.0400472813238772 0.12128151260504205
0 0.6821985815602837 0.6871008403361345 0.03767139479905424 0.12130252100840339
0 0.7259219858156029 0.6545588235294117 0.03530732860520082 0.12760504201680675
0 0.7684751773049645 0.661890756302521 0.03293144208037813 0.1339075630252101
0 0.8128014184397163 0.6608613445378151 0.03646572104018902 0.13180672268907564
0 0.8582978723404255 0.6702941176470588 0.0352836879432623 0.11710084033613448
0 0.6821985815602837 0.8068067226890757 0.03767139479905424 0.13800420168067215
0 0.729468085106383 0.8099579831932774 0.03767139479905424 0.13172268907563034
0 0.7684751773049645 0.7984243697478992 0.04002364066193841 0.1296218487394959
0 0.8104373522458629 0.803655462184874 0.03646572104018902 0.13172268907563034
0 0.9428132387706856 0.7920798319327731 0.04118203309692662 0.14642857142857152
0 0.26320330969267136 0.8299159663865546 0.031832151300236415 0.129579831932773
0 0.1887352245862884 0.1599579831932773 0.036572104018912525 0.11739495798319327
0 0.5557210401891253 0.6660714285714286 0.049574468085106446 0.12976890756302517
0 0.34008274231678487 0.5054411764705883 0.05301418439716315 0.13186974789915967