0 0.2549761336515513 0.15286016949152545 0.03930787589498806 0.11838983050847457
0 0.29911694510739856 0.15283898305084745 0.03452267303102626 0.12262711864406779
0 0.3683293556085919 0.1644915254237288 0.03212410501193313 0.12898305084745762
0 0.4124821002386635 0.16766949152542374 0.03449880668257753 0.12686440677966102
0 0.4548329355608592 0.17296610169491525 0.03330548926014316 0.12050847457627117
0 0.4995823389021479 0.16766949152542374 0.034486873508353194 0.12686440677966102
0 0.5377684964200478 0.1803813559322034 0.03210023866348446 0.12686440677966102
0 0.6081622911694511 0.18036016949152542 0.036861575178997665 0.13533898305084746
0 0.656491646778043 0.18565677966101693 0.030883054892601562 0.13322033898305083
0 0.7066109785202864 0.18141949152542372 0.03325775656324569 0.14169491525423727
0 0.7895346062052506 0.1771822033898305 0.04159904534606193 0.137478813559322
0 0.8313007159904534 0.17294491525423727 0.03681384248210013 0.14595338983050846
0 0.8718615751789976 0.17930084745762712 0.029653937947493925 0.1290042372881356
0 0.9136276849642004 0.19307203389830507 0.03441527446300706 0.12264830508474575
0 0.9536038186157518 0.18565677966101693 0.04276849642004763 0.137478813559322
0 0.19889021479713603 0.36889830508474575 0.08465393794749403 0.06741525423728813
0 0.40770883054892604 0.3593432203389831 0.039272076372315 0.13309322033898305
0 0.4423031026252983 0.3572245762711865 0.03449880668257753 0.1288559322033898
0 0.4870525059665871 0.3593432203389831 0.035680190930787566 0.12463983050847455
0 0.5318019093078759 0.3688771186440678 0.034486873508353194 0.13097457627118642
0 0.6129355608591885 0.3847457627118644 0.0416229116945108 0.13733050847457626
0 0.6558949880668258 0.373093220338983 0.039236276849642135 0.12675847457627115
0 0.6982577565632458 0.3656779661016949 0.038031026252983165 0.12887711864406776
0 0.7435918854415274 0.3656991525423729 0.030871121718376957 0.12887711864406776
0 0.7847613365155132 0.3678177966101695 0.03443914081145573 0.12463983050847455
0 0.8241408114558473 0.3656779661016949 0.039200477326968866 0.13313559322033894
0 0.8664916467780429 0.3783898305084746 0.04278042959427197 0.12466101694915249
0 0.9886634844868735 0.3834745762711864 0.022673031026252982 0.1228813559322034
0 0.18755369928400953 0.6791737288135593 0.033341288782816225 0.12442796610169496
0 0.18337708830548924 0.8147245762711864 0.0345346062052506 0.12434322033898293
0 0.2698926014319809 0.6706991525423729 0.035715990453460626 0.1371398305084746
0 0.35281622911694516 0.6939830508474576 0.03451073985680186 0.11171610169491529
0 0.3092601431980907 0.8369491525423729 0.03331742243436753 0.13069915254237274
0 0.39935560859188546 0.6961016949152542 0.036885441527446265 0.12019067796610174
0 0.43931980906921236 0.7003389830508474 0.02853221957040569 0.11171610169491529
0 0.35162291169451076 0.8210805084745763 0.03212410501193313 0.12434322033898293
0 0.3933890214797136 0.8284745762711865 0.039272076372315 0.13493644067796598
0 0.43752983293556086 0.8327330508474576 0.036885441527446265 0.12646186440677953
0 0.5210620525059666 0.6706991525423729 0.03447494033412886 0.1371398305084746
0 0.5598329355608592 0.6654025423728813 0.033281622911694494 0.13925847457627122
0 0.604582338902148 0.7003601694915255 0.03684964200477333 0.1371398305084746
0 0.5210620525059666 0.8327330508474576 0.036861575178997595 0.12646186440677953
0 0.5610262529832936 0.8295550847457628 0.04521479713603817 0.1412923728813558
0 0.6493317422434367 0.7141101694915254 0.0404295942720765 0.12230932203389834
0 0.6875178997613365 0.7013983050847458 0.038031026252983165 0.12233050847457629
0 0.7292720763723151 0.6982203389830508 0.03564439140811443 0.1286864406779661
0 0.7692482100238663 0.6908050847457627 0.029665871121718257 0.13504237288135595
0 0.8134009546539379 0.6939830508474576 0.03681384248210013 0.13292372881355935
0 0.8581384248210024 0.716207627118644 0.035620525059665765 0.11809322033898308
0 0.6839379474940334 0.8390677966101695 0.038031026252983165 0.1391737288135592
0 0.7244988066825776 0.8464830508474577 0.038031026252983165 0.13283898305084754
0 0.7698448687350835 0.8348305084745763 0.040405727923627566 0.13072033898305094
0 0.8062410501193318 0.8507203389830509 0.03681384248210013 0.13283898305084754
0 0.9363007159904535 0.8475211864406779 0.04157517899761327 0.14766949152542383
0 0.2645226730310262 0.8305932203389831 0.032136038186157526 0.1306779661016948
0 0.45346062052505964 0.9766949152542372 0.081145584725537 0.046610169491525424
0 0.20843675417661095 0.14648305084745764 0.036921241050119326 0.11838983050847457
0 0.7762529832935561 0.048728813559322036 0.05608591885441527 0.09745762711864407
0 0.00954653937947494 0.3167372881355932 0.01909307875894988 0.15889830508474576