0 0.7616193853427896 0.1494747899159664 0.03893617021276602 0.11739495798319327
0 0.715531914893617 0.1473529411764706 0.03419621749408991 0.12159663865546218
0 0.6446099290780141 0.15470588235294117 0.03182033096926722 0.12789915966386553
0 0.6067848699763593 0.15365546218487394 0.0341725768321512 0.12579831932773108
0 0.5671985815602837 0.15890756302521009 0.03299054373522455 0.11949579831932772
0 0.5169621749408984 0.16415966386554623 0.034160756501182006 0.12579831932773108
0 0.4803191489361702 0.17256302521008404 0.03179669030732858 0.12579831932773108
0 0.4129550827423168 0.1578361344537815 0.036513002364066315 0.1342016806722689
0 0.36153664302600474 0.15468487394957983 0.030591016548463485 0.13210084033613445
0 0.310709219858156 0.15678571428571428 0.03294326241134739 0.14050420168067226
0 0.2297517730496454 0.1504831932773109 0.04120567375886513 0.13632352941176468
0 0.18483451536643025 0.13997899159663865 0.03646572104018902 0.1447268907563025
0 0.14583924349881797 0.15468487394957983 0.029373522458628735 0.12792016806722686
0 0.1068321513002364 0.14945378151260505 0.03408983451536633 0.12161764705882357
0 0.06605200945626477 0.1442016806722689 0.04236406619385333 0.13632352941176473
0 0.8136288416075651 0.37 0.08385342789598116 0.06684873949579831
0 0.6032387706855792 0.35002100840336137 0.038900709219858116 0.13197478991596637
0 0.5701536643026005 0.35002100840336137 0.03417257683215126 0.12777310924369747
0 0.5234633569739953 0.3416176470588236 0.03534278959810872 0.12359243697478989
0 0.4791371158392435 0.35317226890756304 0.034160756501182006 0.12987394957983192
0 0.3940425531914894 0.36050420168067226 0.04122931442080391 0.1361764705882353
0 0.35503546099290784 0.3468697478991597 0.038865248226950484 0.12569327731092433
0 0.31307328605200946 0.34789915966386553 0.03767139479905424 0.12779411764705878
0 0.2717139479905437 0.3311134453781513 0.03057919621749396 0.12779411764705878
0 0.22856973995271868 0.33741596638655463 0.03411347517730485 0.12359243697478989
0 0.19192671394799055 0.32901260504201685 0.03882978723404244 0.13201680672268915
0 0.1511583924349882 0.3310924369747899 0.04237588652482259 0.12361344537815121
0 0.01939716312056734 0.33846638655462186 0.03643026004728125 0.12151260504201687
0 0.8165839243498818 0.6692647058823529 0.033026004728132455 0.12338235294117651
0 0.8207210401891254 0.8120798319327731 0.034208037825059164 0.12329831932773097
0 0.7350236406619386 0.6608613445378151 0.035378250591016625 0.13598739495798323
0 0.6528841607565011 0.6839495798319328 0.034184397163120654 0.11077731092436979
0 0.6960283687943262 0.8257142857142857 0.03300236406619394 0.12960084033613434
0 0.6067848699763593 0.6860504201680673 0.03653664302600462 0.1191806722689076
0 0.5671985815602837 0.6902521008403362 0.028262411347517693 0.11077731092436979
0 0.6540661938534278 0.8099789915966387 0.03182033096926722 0.12329831932773097
0 0.6126950354609928 0.817310924369748 0.038900709219858054 0.13380252100840323
0 0.5689716312056737 0.8215336134453782 0.03653664302600469 0.12539915966386542
0 0.4862293144208038 0.6608613445378151 0.03414893617021275 0.13598739495798323
0 0.40349881796690307 0.6776680672268908 0.03650118203309705 0.13598739495798323
0 0.4862293144208038 0.8089285714285714 0.036513002364066176 0.12539915966386542
0 0.44546099290780145 0.8099789915966387 0.04478723404255318 0.1401050420168066
0 0.3579905437352246 0.6871008403361345 0.0400472813238772 0.12128151260504205
0 0.32134751773049647 0.6828991596638655 0.03767139479905424 0.12130252100840339
0 0.2799881796690307 0.6755462184873949 0.03530732860520082 0.12760504201680675
0 0.24039007092198583 0.6639915966386555 0.02938534278959799 0.1339075630252101
0 0.19783687943262412 0.6671428571428571 0.03646572104018902 0.13180672268907564
0 0.1535224586288416 0.6660924369747899 0.0352836879432623 0.11710084033613448
0 0.3225295508274232 0.8194117647058824 0.03767139479905424 0.13800420168067215
0 0.28235224586288415 0.8183613445378152 0.03767139479905424 0.13172268907563034
0 0.2409810874704492 0.8047268907563025 0.04002364066193841 0.1296218487394959
0 0.202565011820331 0.799453781512605 0.03646572104018902 0.13172268907563034
0 0.07255319148936169 0.8088865546218487 0.04118203309692662 0.14642857142857152
0 0.7403427895981088 0.8194117647058824 0.031832151300236484 0.129579831932773
0 0.8100827423167849 0.14945378151260505 0.036572104018912595 0.11739495798319327
0 0.4478250591016549 0.6618697478991596 0.049574468085106446 0.12976890756302517
0 0.22265957446808513 0.48970588235294116 0.08374704491725758 0.06258403361344542