0 0.25020094562647754 0.1452731092436975 0.03893617021276596 0.11739495798319327
0 0.2951063829787234 0.1473529411764706 0.03419621749408984 0.12159663865546218
0 0.36366430260047283 0.15470588235294117 0.03182033096926709 0.12789915966386553
0 0.4014893617021277 0.14945378151260505 0.03417257683215126 0.12579831932773108
0 0.44698581560283684 0.16941176470588235 0.03299054373522455 0.11949579831932772
0 0.49604018912529546 0.16415966386554623 0.034160756501182006 0.12579831932773108
0 0.5338652482269504 0.17676470588235293 0.03179669030732858 0.12579831932773108
0 0.6012293144208037 0.17254201680672268 0.036513002364066245 0.1342016806722689
0 0.6491016548463356 0.1735924369747899 0.030591016548463485 0.13210084033613445
0 0.6928368794326241 0.15888655462184872 0.03294326241134739 0.14050420168067226
0 0.7820685579196217 0.15888655462184872 0.04120567375886513 0.13632352941176468
0 0.8234397163120567 0.15678571428571428 0.03646572104018902 0.1447268907563025
0 0.862434988179669 0.16728991596638654 0.029373522458628735 0.12792016806722686
0 0.9026241134751773 0.16415966386554623 0.03408983451536633 0.12161764705882354
0 0.9457683215130024 0.16100840336134453 0.04236406619385333 0.13632352941176473
0 0.1981914893617021 0.36369747899159666 0.08385342789598109 0.06684873949579831
0 0.4050354609929078 0.35422268907563026 0.038900709219858116 0.13197478991596637
0 0.4393026004728132 0.3521218487394958 0.03417257683215126 0.12777310924369747
0 0.483628841607565 0.35422268907563026 0.03534278959810872 0.12359243697478989
0 0.5279550827423167 0.3636764705882353 0.034160756501182006 0.12987394957983192
0 0.6095035460992908 0.3626050420168067 0.041229314420803846 0.1361764705882353
0 0.6508747044917258 0.3678571428571428 0.038865248226950484 0.12569327731092433
0 0.6928368794326241 0.36050420168067226 0.03767139479905424 0.12779411764705878
0 0.7318321513002364 0.33321428571428574 0.03057919621749396 0.12779411764705878
0 0.7773404255319148 0.35002100840336137 0.03411347517730485 0.12359243697478989
0 0.813983451536643 0.3416176470588236 0.03882978723404244 0.13201680672268915
0 0.8559338061465721 0.35 0.04237588652482259 0.12361344537815121
0 0.9828605200945626 0.3592436974789916 0.034278959810874705 0.12184873949579832
0 0.18696217494089834 0.6713655462184874 0.033026004728132385 0.12338235294117651
0 0.18282505910165484 0.8057773109243698 0.0342080378250591 0.12329831932773097
0 0.2685224586288416 0.6629621848739495 0.035378250591016555 0.13598739495798323
0 0.350661938534279 0.6860504201680673 0.03418439716312052 0.11077731092436979
0 0.3075177304964539 0.8278151260504202 0.03300236406619384 0.12960084033613434
0 0.3967612293144208 0.6881512605042017 0.03653664302600469 0.1191806722689076
0 0.4363475177304964 0.6923529411764706 0.028262411347517693 0.11077731092436979
0 0.3494799054373523 0.8120798319327731 0.03182033096926709 0.12329831932773097
0 0.39085106382978724 0.8194117647058824 0.038900709219858116 0.13380252100840323
0 0.43457446808510636 0.8236344537815127 0.03653664302600469 0.12539915966386542
0 0.5173167848699763 0.6629621848739495 0.03414893617021275 0.13598739495798323
0 0.6000472813238771 0.6797689075630252 0.03650118203309699 0.13598739495798323
0 0.5173167848699763 0.8236344537815127 0.036513002364066176 0.12539915966386542
0 0.556903073286052 0.8204831932773109 0.04478723404255318 0.1401050420168066
0 0.6455555555555555 0.689201680672269 0.0400472813238772 0.12128151260504205
0 0.6821985815602837 0.685 0.03767139479905424 0.12130252100840339
0 0.7235579196217494 0.6776470588235294 0.03530732860520082 0.12760504201680675
0 0.7631560283687944 0.6660924369747899 0.02938534278959799 0.1339075630252101
0 0.8045271867612294 0.671344537815126 0.03646572104018902 0.13180672268907564
0 0.8488416075650118 0.6891806722689076 0.0352836879432623 0.11710084033613448
0 0.6786524822695035 0.8299159663865546 0.03767139479905424 0.13800420168067215
0 0.721193853427896 0.8204621848739496 0.03767139479905424 0.13172268907563034
0 0.762565011820331 0.806827731092437 0.04002364066193841 0.1296218487394959
0 0.7986170212765957 0.8183613445378152 0.03646572104018902 0.13172268907563034
0 0.9298108747044918 0.8214915966386555 0.04118203309692662 0.14642857142857152
0 0.26320330969267136 0.8215126050420168 0.031832151300236415 0.129579831932773
0 0.2041016548463357 0.14105042016806724 0.036572104018912525 0.11739495798319327
0 0.9397163120567376 0.03466386554621849 0.07565011820330969 0.06932773109243698
0 0.48835697399527184 0.47815126050420165 0.0708510638297873 0.07306722689075637