0 0.2490189125295508 0.1494747899159664 0.03893617021276596 0.11739495798319327
0 0.29274231678486995 0.14945378151260505 0.03419621749408984 0.12159663865546218
0 0.3613002364066194 0.16100840336134453 0.03182033096926709 0.12789915966386553
0 0.4050354609929078 0.16415966386554623 0.03417257683215126 0.12579831932773108
0 0.44698581560283684 0.16941176470588235 0.03299054373522455 0.11949579831932772
0 0.4913120567375886 0.16415966386554623 0.034160756501182006 0.12579831932773108
0 0.5291371158392435 0.17676470588235293 0.03179669030732858 0.12579831932773108
0 0.5965011820330969 0.17254201680672268 0.036513002364066245 0.1342016806722689
0 0.6455555555555555 0.18199579831932772 0.030591016548463485 0.13210084033613445
0 0.6916548463356974 0.1735924369747899 0.03294326241134739 0.14050420168067226
0 0.7785224586288416 0.1735924369747899 0.04120567375886513 0.13632352941176468
0 0.8198936170212766 0.169390756302521 0.03646572104018902 0.1447268907563025
0 0.8600709219858156 0.17569327731092435 0.029373522458628735 0.12792016806722686
0 0.9014420803782506 0.17046218487394957 0.03408983451536633 0.12161764705882354
0 0.9410401891252955 0.16100840336134453 0.04236406619385333 0.13632352941176473
0 0.19346335697399525 0.36369747899159666 0.08385342789598109 0.06684873949579831
0 0.40030732860520096 0.35422268907563026 0.038900709219858116 0.13197478991596637
0 0.43457446808510636 0.3521218487394958 0.03417257683215126 0.12777310924369747
0 0.4789007092198581 0.35422268907563026 0.03534278959810872 0.12359243697478989
0 0.5232269503546099 0.3636764705882353 0.034160756501182006 0.12987394957983192
0 0.6047754137115839 0.3626050420168067 0.041229314420803846 0.1361764705882353
0 0.6461465721040189 0.3678571428571428 0.038865248226950484 0.12569327731092433
0 0.6881087470449172 0.36050420168067226 0.03767139479905424 0.12779411764705878
0 0.7282860520094563 0.3479201680672269 0.03057919621749396 0.12779411764705878
0 0.7737943262411348 0.3626260504201681 0.03411347517730485 0.12359243697478989
0 0.8128014184397163 0.36050420168067226 0.03882978723404244 0.13201680672268903
0 0.8512056737588652 0.3563025210084034 0.04237588652482259 0.12361344537815121
0 0.979420803782506 0.35945378151260504 0.03643026004728125 0.12151260504201676
0 0.18223404255319148 0.6713655462184874 0.033026004728132385 0.12338235294117651
0 0.17809692671394797 0.8057773109243698 0.0342080378250591 0.12329831932773097
0 0.26379432624113475 0.6629621848739495 0.035378250591016555 0.13598739495798323
0 0.34593380614657215 0.6860504201680673 0.03418439716312052 0.11077731092436979
0 0.30278959810874706 0.8278151260504202 0.03300236406619384 0.12960084033613434
0 0.39203309692671395 0.6881512605042017 0.03653664302600469 0.1191806722689076
0 0.4316193853427896 0.6923529411764706 0.028262411347517693 0.11077731092436979
0 0.34475177304964544 0.8120798319327731 0.03182033096926709 0.12329831932773097
0 0.38612293144208043 0.8194117647058824 0.038900709219858116 0.13380252100840323
0 0.4298463356973995 0.8236344537815127 0.03653664302600469 0.12539915966386542
0 0.5125886524822695 0.6629621848739495 0.03414893617021275 0.13598739495798323
0 0.7784869976359339 0.5359663865546218 0.0696099290780143 0.08350840336134453
0 0.5953191489361702 0.6797689075630252 0.03650118203309699 0.13598739495798323
0 0.5125886524822695 0.8236344537815127 0.036513002364066176 0.12539915966386542
0 0.5521749408983452 0.8204831932773109 0.04478723404255318 0.1401050420168066
0 0.6396453900709219 0.7060084033613445 0.0400472813238772 0.12128151260504205
0 0.6774704491725768 0.6934033613445378 0.03767139479905424 0.12130252100840339
0 0.7188297872340426 0.6902521008403362 0.03530732860520082 0.12760504201680675
0 0.7584278959810875 0.6828991596638655 0.02938534278959799 0.1339075630252101
0 0.8021631205673759 0.6860504201680673 0.03646572104018902 0.13180672268907564
0 0.8464775413711584 0.7080882352941177 0.0352836879432623 0.11710084033613448
0 0.6739243498817967 0.8299159663865546 0.03767139479905424 0.13800420168067215
0 0.7141016548463357 0.8372689075630253 0.03767139479905424 0.13172268907563034
0 0.7590189125295508 0.8257142857142857 0.04002364066193841 0.1296218487394959
0 0.7950709219858156 0.8414705882352942 0.03646572104018902 0.13172268907563034
0 0.9239007092198581 0.838298319327731 0.04118203309692662 0.14642857142857152
0 0.2584751773049645 0.8215126050420168 0.031832151300236415 0.129579831932773
0 0.9373522458628841 0.9758403361344538 0.07565011820330969 0.04831932773109244
0 0.20291962174940897 0.14315126050420168 0.036572104018912525 0.11739495798319327
0 0.764775413711584 0.03361344537815126 0.05673758865248227 0.06722689075630252
0 0.2708628841607565 0.5390546218487394 0.07085106382978723 0.07306722689075625