0 0.770277108433735 0.15053648068669528 0.039686746987951875 0.11991416309012874
0 0.725710843373494 0.1526609442060086 0.034855421686747066 0.12420600858369098
0 0.6522168674698794 0.16017167381974248 0.032433734939759123 0.13064377682403433
0 0.6136626506024097 0.1548068669527897 0.03483132530120478 0.1284978540772532
0 0.5709036144578313 0.1751931330472103 0.03362650602409635 0.12206008583690986
0 0.5221084337349398 0.17197424892703864 0.03481927710843371 0.1284978540772532
0 0.4859638554216868 0.1827038626609442 0.03240963855421684 0.1284978540772532
0 0.4136867469879518 0.17409871244635192 0.037216867469879504 0.13708154506437767
0 0.36127710843373495 0.17302575107296136 0.031180722891566398 0.13493562231759657
0 0.3166987951807229 0.1644420600858369 0.033578313253011915 0.143519313304721
0 0.22574698795180723 0.1644420600858369 0.04199999999999988 0.13924892703862657
0 0.18357831325301205 0.1622961373390558 0.03716867469879507 0.14783261802575104
0 0.14383132530120482 0.17302575107296136 0.02993975903614447 0.13066523605150213
0 0.10286746987951807 0.1698283261802575 0.03474698795180713 0.12422746781115883
0 0.06732530120481928 0.15158798283261804 0.043180722891566166 0.13924892703862665
0 0.8208795180722892 0.37364806866952793 0.08546987951807236 0.06828326180257509
0 0.6100481927710844 0.3639699570815451 0.03965060240963852 0.13480686695278968
0 0.5751204819277109 0.36182403433476396 0.03483132530120478 0.13051502145922744
0 0.5299397590361447 0.3639699570815451 0.03602409638554214 0.126244635193133
0 0.4847590361445783 0.3736266094420601 0.03481927710843371 0.13266094420600857
0 0.4016385542168675 0.3725321888412017 0.0420240963855423 0.1390987124463519
0 0.3618795180722892 0.3586051502145923 0.03961445783132543 0.12839055793991414
0 0.3191084337349398 0.35965665236051503 0.03839759036144565 0.13053648068669524
0 0.27695180722891566 0.3425107296137339 0.03116867469879505 0.13053648068669524
0 0.23056626506024097 0.35967811158798285 0.034771084337349274 0.126244635193133
0 0.1956265060240964 0.3403648068669528 0.03957831325301194 0.13484978540772538
0 0.1540722891566265 0.3424892703862661 0.043192771084337236 0.1262660944206008
0 0.019771084337349358 0.35002145922746786 0.03713253012048185 0.1241201716738198
0 0.8323253012048193 0.6879184549356223 0.03366265060240971 0.126030042918455
0 0.8365421686746989 0.8252145922746781 0.03486746987951814 0.12594420600858355
0 0.7491927710843374 0.6793347639484978 0.036060240963855496 0.13890557939914167
0 0.6654698795180722 0.7029184549356223 0.03484337349397599 0.11315450643776828
0 0.70944578313253 0.8477253218884121 0.03363855421686756 0.13238197424892692
0 0.6184819277108433 0.7050643776824035 0.03724096385542158 0.12173819742489274
0 0.5781325301204819 0.7093562231759657 0.028807228915662612 0.11315450643776828
0 0.6666746987951806 0.8316523605150214 0.032433734939759123 0.12594420600858355
0 0.6245060240963854 0.8391416309012876 0.03965060240963845 0.13667381974248916
0 0.5799397590361446 0.8434549356223177 0.037240963855421645 0.12809012875536469
0 0.49560240963855423 0.6793347639484978 0.03480722891566263 0.13890557939914167
0 0.41127710843373494 0.6965021459227467 0.03720481927710843 0.13890557939914167
0 0.49560240963855423 0.8305793991416309 0.037216867469879504 0.12809012875536469
0 0.4540481927710844 0.8316523605150214 0.04565060240963854 0.1431115879828325
0 0.36489156626506025 0.706137339055794 0.04081927710843387 0.12388412017167386
0 0.3275421686746988 0.7018454935622318 0.03839759036144565 0.12390557939914165
0 0.2853855421686747 0.6943347639484979 0.03598795180722878 0.130343347639485
0 0.24502409638554218 0.6825321888412017 0.029951807228915543 0.13678111587982836
0 0.20044578313253011 0.6857510729613734 0.03716867469879507 0.13463519313304723
0 0.1576867469879518 0.7061158798283262 0.03596385542168664 0.11961373390557942
0 0.3311566265060241 0.8498712446351931 0.03839759036144565 0.14096566523605136
0 0.28779518072289156 0.8402145922746782 0.03839759036144565 0.13454935622317607
0 0.24562650602409639 0.8262875536480687 0.04079518072289145 0.13240343347639494
0 0.20887951807228916 0.838068669527897 0.03716867469879507 0.13454935622317607
0 0.07515662650602409 0.8412660944206009 0.04197590361445773 0.14957081545064388
0 0.7546144578313253 0.8412875536480687 0.032445783132530194 0.13236051502145912
0 0.8208795180722892 0.14407725321888412 0.037277108433735 0.11991416309012874
0 0.4564578313253012 0.6803648068669528 0.05053012048192777 0.13255364806866948