0 0.252565011820331 0.1494747899159664 0.03893617021276596 0.11739495798319327
0 0.2962884160756501 0.14945378151260505 0.03419621749408984 0.12159663865546218
0 0.36484633569739955 0.16100840336134453 0.03182033096926709 0.12789915966386553
0 0.408581560283688 0.16415966386554623 0.03417257683215126 0.12579831932773108
0 0.450531914893617 0.16941176470588235 0.03299054373522455 0.11949579831932772
0 0.49485815602836875 0.16415966386554623 0.034160756501182006 0.12579831932773108
0 0.5326832151300236 0.17676470588235293 0.03179669030732858 0.12579831932773108
0 0.6024113475177305 0.17674369747899157 0.036513002364066245 0.1342016806722689
0 0.6502836879432624 0.18199579831932772 0.030591016548463485 0.13210084033613445
0 0.6999290780141844 0.17779411764705882 0.03294326241134739 0.14050420168067226
0 0.7820685579196217 0.1735924369747899 0.04120567375886513 0.13632352941176468
0 0.8234397163120567 0.169390756302521 0.03646572104018902 0.1447268907563025
0 0.8636170212765958 0.17569327731092435 0.029373522458628735 0.12792016806722686
0 0.9049881796690308 0.1893487394957983 0.03408983451536633 0.12161764705882351
0 0.9445862884160756 0.18199579831932772 0.04236406619385333 0.13632352941176468
0 0.1970094562647754 0.36369747899159666 0.08385342789598109 0.06684873949579831
0 0.4038534278959811 0.35422268907563026 0.038900709219858116 0.13197478991596637
0 0.4381205673758865 0.3521218487394958 0.03417257683215126 0.12777310924369747
0 0.48244680851063826 0.35422268907563026 0.03534278959810872 0.12359243697478989
0 0.5267730496453901 0.3636764705882353 0.034160756501182006 0.12987394957983192
0 0.6071394799054374 0.37941176470588234 0.041229314420803846 0.1361764705882353
0 0.649692671394799 0.3678571428571428 0.038865248226950484 0.12569327731092433
0 0.6916548463356974 0.36050420168067226 0.03767139479905424 0.12779411764705878
0 0.7365602836879432 0.36052521008403365 0.03057919621749396 0.12779411764705878
0 0.7773404255319148 0.3626260504201681 0.03411347517730485 0.12359243697478989
0 0.8163475177304964 0.36050420168067226 0.03882978723404244 0.13201680672268903
0 0.8582978723404255 0.373109243697479 0.04237588652482259 0.12361344537815121
0 0.9840425531914894 0.37815126050420167 0.031914893617021274 0.12184873949579832
0 0.18578014184397162 0.6713655462184874 0.033026004728132385 0.12338235294117651
0 0.18164302600472812 0.8057773109243698 0.0342080378250591 0.12329831932773097
0 0.2673404255319149 0.6629621848739495 0.035378250591016555 0.13598739495798323
0 0.3494799054373523 0.6860504201680673 0.03418439716312052 0.11077731092436979
0 0.3063356973995272 0.8278151260504202 0.03300236406619384 0.12960084033613434
0 0.3955791962174941 0.6881512605042017 0.03653664302600469 0.1191806722689076
0 0.4351654846335697 0.6923529411764706 0.028262411347517693 0.11077731092436979
0 0.3482978723404256 0.8120798319327731 0.03182033096926709 0.12329831932773097
0 0.3896690307328606 0.8194117647058824 0.038900709219858116 0.13380252100840323
0 0.43339243498817964 0.8236344537815127 0.03653664302600469 0.12539915966386542
0 0.5161347517730496 0.6629621848739495 0.03414893617021275 0.13598739495798323
0 0.5545390070921986 0.6682142857142856 0.032966903073286036 0.13808823529411768
0 0.5988652482269503 0.6923739495798319 0.03650118203309699 0.13598739495798323
0 0.5161347517730496 0.8236344537815127 0.036513002364066176 0.12539915966386542
0 0.5557210401891253 0.8204831932773109 0.04478723404255318 0.1401050420168066
0 0.6431914893617021 0.7060084033613445 0.0400472813238772 0.12128151260504205
0 0.6810165484633569 0.6934033613445378 0.03767139479905424 0.12130252100840339
0 0.7223758865248227 0.6902521008403362 0.03530732860520082 0.12760504201680675
0 0.7619739952718676 0.6828991596638655 0.02938534278959799 0.1339075630252101
0 0.805709219858156 0.6860504201680673 0.03646572104018902 0.13180672268907564
0 0.8500236406619386 0.7080882352941177 0.0352836879432623 0.11710084033613448
0 0.6774704491725768 0.8299159663865546 0.03767139479905424 0.13800420168067215
0 0.7176477541371158 0.8372689075630253 0.03767139479905424 0.13172268907563034
0 0.762565011820331 0.8257142857142857 0.04002364066193841 0.1296218487394959
0 0.7986170212765957 0.8414705882352942 0.03646572104018902 0.13172268907563034
0 0.9309929078014184 0.838298319327731 0.04118203309692662 0.14642857142857152
0 0.26202127659574465 0.8215126050420168 0.031832151300236415 0.129579831932773
0 0.38416075650118203 0.9716386554621849 0.08037825059101655 0.05672268907563025
0 0.20646572104018912 0.14315126050420168 0.036572104018912525 0.11739495798319327
0 0.7612293144208038 0.03676470588235294 0.037825059101654845 0.07352941176470588