0 0.17946043165467623 0.15668085106382978 0.034700239808153475 0.11251063829787233
0 0.22262589928057552 0.15774468085106383 0.03949640287769784 0.11889361702127658
0 0.2729736211031175 0.14710638297872342 0.034688249400479626 0.12314893617021276
0 0.3437170263788969 0.15668085106382978 0.032278177458033526 0.129531914893617
0 0.38328537170263793 0.15348936170212765 0.03466426858513186 0.12740425531914892
0 0.4258393285371702 0.15668085106382978 0.03346522781774577 0.12102127659574467
0 0.475599520383693 0.1492340425531915 0.03465227817745801 0.12740425531914892
0 0.515167865707434 0.15348936170212765 0.03225419664268583 0.12740425531914892
0 0.5835011990407674 0.14072340425531915 0.03703836930455634 0.13591489361702128
0 0.6344604316546762 0.13540425531914893 0.03103117505995217 0.1337872340425532
0 0.683621103117506 0.1268936170212766 0.03341726618705023 0.1422978723404255
0 0.7717386091127099 0.11838297872340425 0.041798561151079015 0.13806382978723408
0 0.8149040767386091 0.10987234042553191 0.0369904076738608 0.1465744680851064
0 0.8556594724220623 0.12051063829787234 0.029796163069544256 0.12955319148936173
0 0.8952278177458034 0.11308510638297872 0.03458033573141477 0.12317021276595745
0 0.9353956834532374 0.10138297872340425 0.04297362110311741 0.13806382978723405
0 0.17826139088729015 0.38321276595744685 0.0850599520383693 0.06770212765957445
0 0.3365227817745804 0.37363829787234043 0.03467625899280571 0.1378510638297873
0 0.38808153477218227 0.3502340425531915 0.03946043165467622 0.1336595744680851
0 0.4288369304556355 0.3481063829787234 0.03466426858513186 0.12940425531914893
0 0.4702038369304556 0.3395957446808511 0.0358513189448441 0.1251702127659574
0 0.5163669064748201 0.3470425531914894 0.03465227817745801 0.131531914893617
0 0.6014868105515587 0.34597872340425534 0.04182254196642692 0.13791489361702125
0 0.6422541966426858 0.33640425531914897 0.03942446043165481 0.1272978723404255
0 0.6860191846522782 0.3289574468085107 0.03821342925659459 0.1294255319148936
0 0.7267745803357314 0.3140851063829787 0.031019184652278046 0.1294255319148936
0 0.7693405275779377 0.3140851063829787 0.03460431654676247 0.1251702127659574
0 0.8125059952038369 0.30131914893617023 0.039388489208632985 0.1337021276595745
0 0.8538609112709832 0.3055744680851064 0.042985611510791256 0.12519148936170216
0 0.9826139088729017 0.2957446808510638 0.03477218225419664 0.12340425531914893
0 0.17646282973621102 0.7011914893617022 0.033501199040767385 0.12495744680851067
0 0.18065947242206234 0.833063829787234 0.034700239808153475 0.12487234042553179
0 0.2603956834532374 0.6841702127659575 0.03588729016786572 0.13772340425531918
0 0.2609952038369304 0.8383829787234043 0.034688249400479626 0.13551063829787222
0 0.3473141486810552 0.696936170212766 0.03467625899280571 0.11219148936170216
0 0.30474820143884895 0.8426382978723405 0.03347721822541965 0.13125531914893604
0 0.3916786570743406 0.6884255319148936 0.03706235011990404 0.12070212765957451
0 0.4318345323741007 0.6926808510638298 0.0286690647482014 0.11219148936170216
0 0.3461151079136691 0.8245744680851064 0.032278177458033526 0.12487234042553179
0 0.39287769784172666 0.8298723404255319 0.03946043165467622 0.13551063829787222
0 0.43603117505995204 0.8256382978723404 0.03706235011990404 0.12699999999999986
0 0.5175659472422062 0.6650425531914893 0.03464028776978416 0.13772340425531918
0 0.5589208633093525 0.6703617021276596 0.03344124700239807 0.13985106382978726
0 0.6002877697841726 0.6756808510638298 0.03702637889688256 0.13772340425531918
0 0.5187649880095923 0.8235106382978724 0.03703836930455634 0.12699999999999986
0 0.5601199040767386 0.8075531914893618 0.045431654676258974 0.14189361702127648
0 0.6440527577937649 0.6809999999999999 0.0406235011990409 0.12282978723404259
0 0.683621103117506 0.6682340425531915 0.03821342925659459 0.12285106382978725
0 0.7279736211031175 0.6586595744680851 0.03581534772182241 0.1292340425531915
0 0.7717386091127099 0.6427021276595745 0.029808153477218106 0.13561702127659575
0 0.8113069544364508 0.6480212765957447 0.0369904076738608 0.1334893617021277
0 0.8562589928057553 0.6597234042553192 0.03579136690647471 0.11859574468085109
0 0.6860191846522782 0.8107446808510639 0.03821342925659459 0.1397659574468084
0 0.7291726618705036 0.8054255319148936 0.03821342925659459 0.13340425531914904
0 0.7711390887290168 0.7937234042553192 0.040599520383692925 0.13127659574468095
0 0.813705035971223 0.7969148936170213 0.0369904076738608 0.13340425531914904
0 0.9455875299760191 0.7852127659574468 0.041774580335731316 0.14829787234042563