0 0.24540767386091125 0.15563829787234043 0.03949640287769784 0.11889361702127658
0 0.2909592326139089 0.15136170212765956 0.034688249400479626 0.12314893617021276
0 0.3605035971223022 0.15880851063829787 0.032278177458033526 0.129531914893617
0 0.3988729016786571 0.15774468085106383 0.03466426858513186 0.12740425531914892
0 0.4462230215827338 0.17157446808510637 0.03346522781774577 0.12102127659574467
0 0.49478417266187047 0.16838297872340427 0.03465227817745801 0.12740425531914892
0 0.5307553956834532 0.17902127659574468 0.03225419664268583 0.12740425531914892
0 0.5990887290167866 0.17048936170212764 0.03703836930455641 0.13591489361702128
0 0.6548441247002398 0.1694255319148936 0.03103117505995217 0.1337872340425532
0 0.6992086330935252 0.16091489361702127 0.03341726618705023 0.1422978723404255
0 0.7813309352517985 0.154531914893617 0.041798561151079015 0.13806382978723403
0 0.82689448441247 0.1438936170212766 0.0369904076738608 0.14657446808510635
0 0.8664508393285372 0.15878723404255318 0.029796163069544256 0.1295531914893617
0 0.9060191846522782 0.15348936170212765 0.03458033573141477 0.12317021276595747
0 0.9473860911270984 0.14817021276595746 0.04297362110311741 0.13806382978723408
0 0.1974460431654676 0.36834042553191493 0.0850599520383693 0.06770212765957445
0 0.4072661870503597 0.35874468085106387 0.03946043165467622 0.1336595744680851
0 0.44202637889688245 0.3566170212765958 0.03466426858513186 0.12940425531914893
0 0.48699040767386087 0.35874468085106387 0.0358513189448441 0.1251702127659574
0 0.5319544364508393 0.36831914893617024 0.03465227817745801 0.131531914893617
0 0.6146762589928058 0.3672340425531915 0.04182254196642692 0.13791489361702125
0 0.6542446043165467 0.3534255319148936 0.03942446043165481 0.1272978723404255
0 0.6968105515587529 0.35446808510638295 0.03821342925659459 0.1294255319148936
0 0.7387649880095923 0.337468085106383 0.031019184652278046 0.1294255319148936
0 0.7825299760191846 0.34385106382978725 0.03460431654676247 0.1251702127659574
0 0.8197002398081534 0.3353404255319149 0.039388489208632985 0.1337021276595745
0 0.8610551558752998 0.3374468085106383 0.042985611510791256 0.12519148936170207
0 0.988009592326139 0.3446808510638298 0.023980815347721823 0.12340425531914893
0 0.18605515587529975 0.679936170212766 0.033501199040767385 0.12495744680851067
0 0.18185851318944843 0.816063829787234 0.034700239808153475 0.12487234042553179
0 0.26878896882494 0.6714255319148936 0.03588729016786572 0.13772340425531918
0 0.35211031175059954 0.6948085106382978 0.03467625899280571 0.11219148936170216
0 0.3083453237410072 0.8383829787234043 0.03347721822541965 0.13125531914893604
0 0.3988729016786571 0.696936170212766 0.03706235011990404 0.12070212765957451
0 0.43902877697841725 0.7011914893617022 0.0286690647482014 0.11219148936170216
0 0.35091127098321345 0.8224468085106383 0.032278177458033526 0.12487234042553179
0 0.39287769784172666 0.8298723404255319 0.03946043165467622 0.13551063829787222
0 0.4372302158273381 0.8341489361702128 0.03706235011990404 0.12699999999999986
0 0.5211630695443645 0.6714255319148936 0.03464028776978416 0.13772340425531918
0 0.605083932853717 0.6884468085106383 0.03702637889688256 0.13772340425531918
0 0.5211630695443645 0.8213829787234043 0.03703836930455634 0.12699999999999986
0 0.5625179856115108 0.8224468085106383 0.045431654676258974 0.14189361702127648
0 0.6512470023980815 0.698 0.0406235011990409 0.12282978723404259
0 0.6884172661870503 0.6937446808510639 0.03821342925659459 0.12285106382978725
0 0.7303717026378896 0.6862978723404255 0.03581534772182241 0.1292340425531915
0 0.7705395683453238 0.674595744680851 0.029808153477218106 0.13561702127659575
0 0.8149040767386091 0.6777872340425531 0.0369904076738608 0.1334893617021277
0 0.8574580335731415 0.6979787234042554 0.03579136690647471 0.11859574468085109
0 0.6848201438848921 0.8405106382978724 0.03821342925659459 0.1397659574468084
0 0.7279736211031175 0.830936170212766 0.03821342925659459 0.13340425531914904
0 0.7699400479616307 0.8171276595744681 0.040599520383692925 0.13127659574468095
0 0.8065107913669065 0.828808510638298 0.0369904076738608 0.13340425531914904
0 0.9395923261390887 0.8319787234042553 0.041774580335731316 0.14829787234042563
0 0.26339328537170265 0.8320000000000001 0.032290167865707445 0.13123404255319138
0 0.19624700239808152 0.15348936170212765 0.03709832134292566 0.11889361702127658
0 0.5601199040767386 0.6724468085106383 0.05028776978417273 0.1314255319148936