0 0.7509857482185274 0.15010548523206751 0.03912114014251788 0.11789029535864978
0 0.7070546318289787 0.150084388185654 0.03435866983372929 0.1221097046413502
0 0.6381710213776721 0.16168776371308016 0.03197149643705472 0.12843881856540085
0 0.5942280285035629 0.1648523206751055 0.03433491686460804 0.12632911392405063
0 0.5520783847980998 0.17012658227848101 0.033147268408551034 0.12
0 0.507541567695962 0.1648523206751055 0.03432304038004748 0.12632911392405063
0 0.4695368171021378 0.17751054852320675 0.031947743467933463 0.12632911392405063
0 0.39947743467933494 0.17748945147679324 0.036686460807601066 0.13476793248945146
0 0.35137767220902616 0.18276371308016875 0.030736342042755473 0.13265822784810125
0 0.30149643705463186 0.17854430379746836 0.03309976247030866 0.1410970464135021
0 0.21896674584323042 0.17432489451476793 0.04140142517814715 0.13689873417721515
0 0.17739904988123517 0.1701054852320675 0.03663895486935856 0.145337552742616
0 0.13703087885985749 0.17643459915611814 0.02951306413301652 0.12845991561181433
0 0.09546318289786222 0.19014767932489451 0.03425178147268399 0.12213080168776369
0 0.05567695961995249 0.18276371308016875 0.04256532066508304 0.13689873417721515
0 0.8068052256532067 0.36523206751054854 0.08425178147268415 0.0671308016877637
0 0.598978622327791 0.3557172995780591 0.03908551068883607 0.13253164556962024
0 0.5645486935866983 0.3536075949367089 0.03433491686460804 0.12831223628691982
0 0.5200118764845606 0.3557172995780591 0.03551068883610448 0.12411392405063287
0 0.47547505938242285 0.36521097046413503 0.03432304038004748 0.13042194092827003
0 0.3947268408551069 0.3810126582278481 0.04142517814726854 0.13675105485232067
0 0.35197149643705467 0.36940928270042195 0.03904988123515452 0.1262236286919831
0 0.3098099762470309 0.3620253164556962 0.03785035629453669 0.1283333333333333
0 0.2646912114014252 0.36204641350210975 0.030724465558194646 0.1283333333333333
0 0.22371733966745844 0.36415611814345994 0.03427553444180511 0.12411392405063287
0 0.1845249406175772 0.3620253164556962 0.039014251781472574 0.1325738396624472
0 0.142375296912114 0.37468354430379747 0.0425771971496436 0.12413502109704636
0 0.016033254156769598 0.379746835443038 0.032066508313539195 0.12236286919831224
0 0.8180878859857482 0.6741983122362869 0.033182897862232844 0.12390295358649793
0 0.8222446555819478 0.8091772151898734 0.03437054631828985 0.12381856540084375
0 0.7361401425178148 0.665759493670886 0.0355463182897863 0.1365611814345992
0 0.6536104513064132 0.6889451476793249 0.03434679334916873 0.11124472573839667
0 0.696959619952494 0.8313080168776372 0.033159144893111725 0.13014767932489438
0 0.6072921615201899 0.6910548523206751 0.03671021377672205 0.1196835443037975
0 0.5675178147268409 0.6952742616033756 0.028396674584323003 0.11124472573839667
0 0.6547980997624702 0.8155063291139241 0.03197149643705472 0.12381856540084375
0 0.613230403800475 0.8228691983122364 0.039085510688836 0.1343670886075948
0 0.5692992874109264 0.8271097046413503 0.03671021377672205 0.12592827004219398
0 0.4861638954869359 0.665759493670886 0.03431116389548692 0.1365611814345992
0 0.43213776722090264 0.5708860759493671 0.05450118764845604 0.11970464135021099
0 0.403040380047506 0.695295358649789 0.03667458432304051 0.1365611814345992
0 0.4861638954869359 0.8271097046413503 0.036686460807600935 0.12592827004219398
0 0.4463895486935867 0.8239451476793249 0.044999999999999984 0.14069620253164544
0 0.35850356294536817 0.708987341772152 0.040237529691211534 0.12179324894514772
0 0.320498812351544 0.6963291139240506 0.03785035629453669 0.1218143459915612
0 0.2789429928741093 0.6931645569620253 0.03547505938242267 0.12814345991561182
0 0.23915676959619953 0.6857805907172996 0.02952494061757708 0.13447257383966246
0 0.19521377672209025 0.6889451476793249 0.03663895486935856 0.13236286919831225
0 0.15068883610451306 0.7110759493670886 0.035451306413301555 0.11759493670886077
0 0.32406175771971496 0.8334177215189874 0.03785035629453669 0.13858649789029523
0 0.2836935866983373 0.8408016877637131 0.03785035629453669 0.13227848101265832
0 0.23856294536817102 0.8291983122362869 0.040213776722090144 0.1301687763713081
0 0.20233966745843232 0.8450210970464136 0.03663895486935856 0.13227848101265832
0 0.0728978622327791 0.8418354430379746 0.04137767220902603 0.1470464135021098
0 0.7414845605700713 0.8249789029535866 0.03198337292161528 0.1301265822784809
0 0.3812351543942993 0.9778481012658228 0.07600950118764846 0.04430379746835443
0 0.7973040380047507 0.14375527426160337 0.03674584323040386 0.11789029535864978
0 0.2321852731591449 0.04746835443037975 0.055819477434679333 0.0949367088607595
0 0.9570308788598575 0.44957805907172993 0.06646080760095016 0.12194092827004221