0 0.22882422802850355 0.15010548523206751 0.03912114014251781 0.11789029535864978
0 0.2739429928741093 0.15219409282700422 0.034358669833729226 0.1221097046413502
0 0.34757719714964375 0.15535864978902952 0.03197149643705458 0.12843881856540085
0 0.391520190023753 0.15219409282700422 0.03433491686460804 0.12632911392405063
0 0.4312945368171021 0.15746835443037974 0.033147268408551034 0.12
0 0.4817695961995249 0.16274261603375528 0.03432304038004748 0.12632911392405063
0 0.5185866983372921 0.1711814345991561 0.031947743467933463 0.12632911392405063
0 0.586270783847981 0.15639240506329113 0.036686460807600935 0.13476793248945146
0 0.6379334916864607 0.1532278481012658 0.030736342042755473 0.13265822784810125
0 0.6842517814726841 0.15111814345991562 0.03309976247030866 0.1410970464135021
0 0.7691567695961995 0.13845991561181434 0.04140142517814715 0.13689873417721515
0 0.8154750593824228 0.1342405063291139 0.03663895486935856 0.145337552742616
0 0.8546555819477435 0.1532278481012658 0.02951306413301652 0.12845991561181433
0 0.8938479809976247 0.1479746835443038 0.03425178147268399 0.12213080168776373
0 0.9360095011876485 0.13426160337552742 0.04256532066508304 0.1368987341772152
0 0.18013064133016626 0.3757805907172996 0.08425178147268408 0.0671308016877637
0 0.395083135391924 0.3493881856540085 0.03908551068883607 0.13253164556962024
0 0.4283254156769596 0.3493881856540085 0.03433491686460804 0.12831223628691982
0 0.47523752969121136 0.3409493670886076 0.03551068883610448 0.12411392405063287
0 0.5197743467933491 0.3525527426160338 0.03432304038004748 0.13042194092827003
0 0.6005225653206651 0.35780590717299576 0.04142517814726847 0.13675105485232067
0 0.6420902612826603 0.34411392405063296 0.03904988123515452 0.1262236286919831
0 0.68187648456057 0.330379746835443 0.03785035629453669 0.1283333333333333
0 0.7281828978622328 0.3304008438818566 0.030724465558194646 0.1283333333333333
0 0.7715320665083135 0.3367299578059072 0.03427553444180511 0.12411392405063287
0 0.8083491686460808 0.32829113924050635 0.039014251781472574 0.1325738396624473
0 0.8493111638954869 0.330379746835443 0.0425771971496436 0.1241350210970464
0 0.9793230403800476 0.32934599156118144 0.03660332541567688 0.12202531645569624
0 0.17716152019002374 0.6805274261603376 0.033182897862232774 0.12390295358649793
0 0.17656769596199523 0.8133966244725739 0.034370546318289785 0.12381856540084375
0 0.26267220902612826 0.6615400843881857 0.03554631828978623 0.1365611814345992
0 0.3452019002375297 0.6847257383966244 0.0343467933491686 0.11124472573839667
0 0.301852731591449 0.8270886075949367 0.03315914489311162 0.13014767932489438
0 0.391520190023753 0.6868354430379747 0.03671021377672205 0.1196835443037975
0 0.4312945368171021 0.6910548523206751 0.028396674584323003 0.11124472573839667
0 0.3440142517814727 0.8112869198312237 0.03197149643705458 0.12381856540084375
0 0.385581947743468 0.8186497890295359 0.03908551068883607 0.1343670886075948
0 0.4295130641330166 0.8228902953586498 0.03671021377672205 0.12592827004219398
0 0.5126484560570072 0.6615400843881857 0.03431116389548692 0.1365611814345992
0 0.595771971496437 0.6784177215189874 0.036674584323040445 0.1365611814345992
0 0.5126484560570072 0.8102320675105485 0.036686460807600935 0.12592827004219398
0 0.5536104513064133 0.8112869198312237 0.044999999999999984 0.14069620253164544
0 0.6414964370546318 0.6878902953586498 0.040237529691211534 0.12179324894514772
0 0.678313539192399 0.6836708860759494 0.03785035629453669 0.1218143459915612
0 0.7198693586698337 0.6762869198312237 0.03547505938242267 0.12814345991561182
0 0.765 0.6583544303797468 0.0330878859857481 0.13447257383966246
0 0.8047862232779097 0.669957805907173 0.03663895486935856 0.13236286919831225
0 0.8504988123515439 0.6689029535864979 0.035451306413301555 0.11759493670886077
0 0.677125890736342 0.8207594936708861 0.03785035629453669 0.13858649789029523
0 0.7174940617577197 0.819704641350211 0.03785035629453669 0.13227848101265832
0 0.759061757719715 0.8060126582278482 0.040213776722090144 0.1301687763713081
0 0.7976603325415677 0.8007172995780591 0.03663895486935856 0.13227848101265832
0 0.9330403800475059 0.7996413502109704 0.04137767220902603 0.1470464135021098
0 0.2573277909738717 0.8207594936708861 0.03198337292161521 0.1301265822784809
0 0.18488123515439428 0.1479746835443038 0.0367458432304038 0.11789029535864978
0 0.5512351543942993 0.6625527426160338 0.04980997624703094 0.13031645569620248
0 0.31557007125890735 0.4748945147679325 0.08414489311163899 0.06284810126582283