0 0.2562289156626506 0.13122317596566524 0.039686746987951806 0.11991416309012874
0 0.3007951807228916 0.13120171673819742 0.034855421686747 0.12420600858369098
0 0.3706746987951808 0.14300429184549357 0.032433734939758985 0.13064377682403433
0 0.4152530120481928 0.14622317596566523 0.03483132530120478 0.1284978540772532
0 0.4580120481927711 0.15158798283261804 0.03362650602409635 0.12206008583690986
0 0.5031927710843374 0.14622317596566523 0.03481927710843371 0.1284978540772532
0 0.5417469879518072 0.15909871244635193 0.03240963855421684 0.1284978540772532
0 0.6104096385542168 0.15478540772532187 0.03721686746987957 0.13708154506437767
0 0.6604096385542169 0.1644420600858369 0.031180722891566398 0.13493562231759657
0 0.7073975903614458 0.15585836909871242 0.033578313253011915 0.143519313304721
0 0.7959397590361446 0.15585836909871242 0.04199999999999988 0.13924892703862657
0 0.8381084337349397 0.15156652360515022 0.03716867469879507 0.14783261802575104
0 0.8790602409638554 0.15800429184549356 0.02993975903614447 0.13066523605150213
0 0.9212289156626506 0.1719527896995708 0.03474698795180713 0.12422746781115879
0 0.9615903614457831 0.1644420600858369 0.043180722891566166 0.13924892703862657
0 0.1996024096385542 0.3500429184549356 0.08546987951807229 0.06828326180257509
0 0.41043373493975904 0.3403648068669528 0.03965060240963852 0.13480686695278968
0 0.4453614457831325 0.3382188841201717 0.03483132530120478 0.13051502145922744
0 0.49054216867469874 0.3403648068669528 0.03602409638554214 0.126244635193133
0 0.5357228915662651 0.35002145922746786 0.03481927710843371 0.13266094420600857
0 0.6176385542168674 0.36609442060085834 0.042024096385542234 0.1390987124463519
0 0.661012048192771 0.35429184549356224 0.03961445783132543 0.12839055793991414
0 0.7037831325301205 0.3467811158798283 0.03839759036144565 0.13053648068669524
0 0.7495542168674699 0.3468025751072962 0.03116867469879505 0.13053648068669524
0 0.7911204819277108 0.3489484978540773 0.034771084337349274 0.126244635193133
0 0.8308795180722891 0.3467811158798283 0.03957831325301194 0.13484978540772527
0 0.8736385542168674 0.35965665236051503 0.043192771084337236 0.1262660944206008
0 0.9915662650602409 0.3562231759656652 0.016867469879518072 0.12446351931330472
0 0.18815662650602408 0.66431330472103 0.03366265060240964 0.126030042918455
0 0.18393975903614457 0.8016094420600859 0.03486746987951807 0.12594420600858355
0 0.271289156626506 0.6557296137339056 0.03606024096385543 0.13890557939914167
0 0.3550120481927711 0.67931330472103 0.03484337349397586 0.11315450643776828
0 0.3110361445783133 0.8241201716738198 0.033638554216867456 0.13238197424892692
0 0.402 0.6814592274678112 0.037240963855421645 0.12173819742489274
0 0.4423493975903614 0.6857510729613734 0.028807228915662612 0.11315450643776828
0 0.3538072289156627 0.8080472103004293 0.032433734939758985 0.12594420600858355
0 0.39597590361445784 0.8155364806866954 0.03965060240963852 0.13667381974248916
0 0.44054216867469875 0.8198497854077254 0.037240963855421645 0.12809012875536469
0 0.5248795180722892 0.6557296137339056 0.03480722891566263 0.13890557939914167
0 0.7465180722891567 0.5217167381974249 0.07095180722891578 0.08530042918454936
0 0.6092048192771085 0.6728969957081545 0.037204819277108496 0.13890557939914167
0 0.5248795180722892 0.8198497854077254 0.037216867469879504 0.12809012875536469
0 0.5652289156626505 0.8166309012875537 0.04565060240963854 0.1431115879828325
0 0.6543855421686747 0.6996995708154506 0.04081927710843387 0.12388412017167386
0 0.6929397590361446 0.6868240343347639 0.03839759036144565 0.12390557939914165
0 0.7350963855421687 0.6836051502145922 0.03598795180722878 0.130343347639485
0 0.7754578313253012 0.6760944206008583 0.029951807228915543 0.13678111587982836
0 0.8200361445783132 0.67931330472103 0.03716867469879507 0.13463519313304723
0 0.8652048192771085 0.7018240343347639 0.03596385542168664 0.11961373390557942
0 0.6893253012048193 0.826266094420601 0.03839759036144565 0.14096566523605136
0 0.730277108433735 0.8337768240343348 0.03839759036144565 0.13454935622317607
0 0.7760602409638554 0.8219742489270386 0.04079518072289145 0.13240343347639494
0 0.8128072289156626 0.838068669527897 0.03716867469879507 0.13454935622317607
0 0.9441204819277108 0.8348283261802575 0.04197590361445773 0.14957081545064388
0 0.26586746987951804 0.8176824034334764 0.03244578313253013 0.13236051502145912
0 0.8855421686746988 0.9753218884120172 0.07710843373493977 0.04935622317596566
0 0.20924096385542168 0.12476394849785408 0.03727710843373494 0.11991416309012874
0 0.7819277108433735 0.023605150214592276 0.05783132530120482 0.04721030042918455
0 0.23995180722891565 0.522725321888412 0.07221686746987951 0.07463519313304727