0 0.7687115839243499 0.15157563025210086 0.03893617021276602 0.11739495798319327
0 0.7226241134751773 0.15365546218487394 0.03419621749408991 0.12159663865546218
0 0.6528841607565011 0.15680672268907564 0.03182033096926722 0.12789915966386553
0 0.6115130023640661 0.15365546218487394 0.0341725768321512 0.12579831932773108
0 0.566016548463357 0.15890756302521009 0.03299054373522455 0.11949579831932772
0 0.5181442080378251 0.15785714285714286 0.034160756501182006 0.12579831932773108
0 0.48150118203309694 0.16836134453781512 0.03179669030732858 0.12579831932773108
0 0.40940898345153665 0.1578361344537815 0.036513002364066315 0.1342016806722689
0 0.3579905437352246 0.15468487394957983 0.030591016548463485 0.13210084033613445
0 0.3142553191489362 0.1504831932773109 0.03294326241134739 0.14050420168067226
0 0.22856973995271868 0.13157563025210084 0.04120567375886513 0.13632352941176468
0 0.18719858156028368 0.12527310924369747 0.03646572104018902 0.14472689075630252
0 0.14347517730496454 0.13997899159663865 0.029373522458628735 0.12792016806722686
0 0.10446808510638297 0.13474789915966387 0.03408983451536633 0.12161764705882357
0 0.06486997635933806 0.11691176470588235 0.04236406619385333 0.1363235294117647
0 0.8136288416075651 0.3763025210084034 0.08385342789598116 0.06684873949579831
0 0.6032387706855792 0.3479201680672269 0.038900709219858116 0.13197478991596637
0 0.5666075650118204 0.35002100840336137 0.03417257683215126 0.12777310924369747
0 0.524645390070922 0.3353151260504202 0.03534278959810872 0.12359243697478989
0 0.4850472813238771 0.3468697478991597 0.034160756501182006 0.12987394957983192
0 0.3999527186761229 0.34789915966386553 0.04122931442080391 0.1361764705882353
0 0.3538534278959811 0.34476890756302525 0.038865248226950484 0.12569327731092433
0 0.3142553191489362 0.3310924369747899 0.03767139479905424 0.12779411764705878
0 0.2681678486997636 0.3311134453781513 0.03057919621749396 0.12779411764705878
0 0.2297517730496454 0.32271008403361345 0.03411347517730485 0.12359243697478989
0 0.1883806146572104 0.32901260504201685 0.03882978723404244 0.13201680672268915
0 0.14761229314420804 0.3310924369747899 0.04237588652482259 0.12361344537815121
0 0.01773049645390071 0.3067226890756303 0.03546099290780142 0.12184873949579832
0 0.8165839243498818 0.6797689075630252 0.033026004728132455 0.12338235294117651
0 0.8159929078014185 0.8183823529411764 0.034208037825059164 0.12329831932773097
0 0.7350236406619386 0.6776680672268908 0.035378250591016625 0.13598739495798323
0 0.6505200945626477 0.6923529411764706 0.034184397163120654 0.11077731092436979
0 0.692482269503546 0.8299159663865546 0.03300236406619394 0.12960084033613434
0 0.6032387706855792 0.6860504201680673 0.03653664302600469 0.1191806722689076
0 0.5636524822695036 0.6902521008403362 0.028262411347517693 0.11077731092436979
0 0.6505200945626477 0.8204831932773109 0.03182033096926722 0.12329831932773097
0 0.6079669030732859 0.817310924369748 0.038900709219858054 0.13380252100840323
0 0.5654255319148936 0.8215336134453782 0.03653664302600469 0.12539915966386542
0 0.48268321513002366 0.6608613445378151 0.03414893617021275 0.13598739495798323
0 0.3999527186761229 0.6734663865546219 0.03650118203309705 0.13598739495798323
0 0.48268321513002366 0.8089285714285714 0.036513002364066176 0.12539915966386542
0 0.4419148936170213 0.8099789915966387 0.04478723404255318 0.1401050420168066
0 0.35444444444444445 0.6871008403361345 0.0400472813238772 0.12128151260504205
0 0.3178014184397163 0.6828991596638655 0.03767139479905424 0.12130252100840339
0 0.2764420803782506 0.6755462184873949 0.03530732860520082 0.12760504201680675
0 0.23152482269503546 0.6576890756302521 0.03293144208037813 0.1339075630252101
0 0.1954728132387707 0.6503571428571429 0.03646572104018902 0.13180672268907564
0 0.14643026004728132 0.6681932773109244 0.0352836879432623 0.11710084033613448
0 0.3178014184397163 0.8026050420168067 0.03767139479905424 0.13800420168067215
0 0.278806146572104 0.8183613445378152 0.03767139479905424 0.13172268907563034
0 0.23743498817966904 0.8047268907563025 0.04002364066193841 0.1296218487394959
0 0.19901891252955084 0.799453781512605 0.03646572104018902 0.13172268907563034
0 0.06073286052009456 0.7857773109243696 0.04118203309692662 0.14642857142857152
0 0.7367966903073286 0.8257142857142857 0.031832151300236484 0.129579831932773
0 0.8112647754137117 0.15575630252100842 0.036572104018912595 0.11739495798319327
0 0.44427895981087473 0.6618697478991596 0.049574468085106446 0.12976890756302517
0 0.6705555555555555 0.4676470588235294 0.06719858156028358 0.11506302521008399