0 0.17775534441805224 0.16379746835443038 0.034370546318289785 0.11156118143459914
0 0.22526128266033252 0.16063291139240507 0.03912114014251781 0.11789029535864978
0 0.27156769596199526 0.150084388185654 0.034358669833729226 0.1221097046413502
0 0.33926365795724467 0.16168776371308016 0.03197149643705458 0.12843881856540085
0 0.38320665083135397 0.16063291139240507 0.03433491686460804 0.12632911392405063
0 0.42416864608076005 0.15957805907172995 0.033147268408551034 0.12
0 0.47464370546318285 0.15641350210970464 0.03432304038004748 0.12632911392405063
0 0.5114608076009501 0.15641350210970464 0.031947743467933463 0.12632911392405063
0 0.580332541567696 0.14375527426160337 0.036686460807600935 0.13476793248945146
0 0.6284323040380048 0.1448101265822785 0.030736342042755473 0.13265822784810125
0 0.677125890736342 0.130042194092827 0.03309976247030866 0.1410970464135021
0 0.7644061757719715 0.12160337552742616 0.04140142517814715 0.1368987341772152
0 0.8059738717339667 0.11316455696202532 0.03663895486935856 0.14533755274261606
0 0.8475296912114014 0.12160337552742616 0.02951306413301652 0.12845991561181436
0 0.8855344418052257 0.11635021097046414 0.03425178147268399 0.12213080168776372
0 0.9265083135391924 0.10263713080168776 0.04256532066508304 0.13689873417721518
0 0.18250593824228026 0.384198312236287 0.08425178147268408 0.0671308016877637
0 0.33807600950118766 0.42740506329113925 0.0343467933491686 0.13668776371308022
0 0.38676959619952495 0.35149789029535866 0.03908551068883607 0.13253164556962024
0 0.42357482185273154 0.34727848101265824 0.03433491686460804 0.12831223628691982
0 0.46692399049881234 0.3409493670886076 0.03551068883610448 0.12411392405063287
0 0.5126484560570072 0.34622362869198314 0.03432304038004748 0.13042194092827003
0 0.596959619952494 0.34727848101265824 0.04142517814726847 0.13675105485232067
0 0.6373396674584323 0.3377848101265823 0.03904988123515452 0.1262236286919831
0 0.68187648456057 0.32829113924050635 0.03785035629453669 0.1283333333333333
0 0.7210570071258907 0.3156540084388186 0.030724465558194646 0.1283333333333333
0 0.7632185273159144 0.31776371308016876 0.03427553444180511 0.12411392405063287
0 0.8035985748218527 0.3029957805907173 0.039014251781472574 0.1325738396624473
0 0.846935866983373 0.3029957805907173 0.0425771971496436 0.12413502109704645
0 0.9805344418052256 0.2977215189873418 0.03661520190023744 0.12202531645569624
0 0.18072446555819477 0.699493670886076 0.033182897862232774 0.12390295358649793
0 0.18488123515439428 0.8302531645569621 0.034370546318289785 0.12381856540084375
0 0.26385985748218527 0.6826160337552742 0.03554631828978623 0.1365611814345992
0 0.26326603325415676 0.8439662447257384 0.034358669833729226 0.1343670886075948
0 0.3452019002375297 0.6931645569620253 0.0343467933491686 0.11124472573839667
0 0.307790973871734 0.839746835443038 0.03315914489311162 0.13014767932489438
0 0.393895486935867 0.6868354430379747 0.03671021377672205 0.1196835443037975
0 0.43366983372921614 0.6910548523206751 0.028396674584323003 0.11124472573839667
0 0.34876484560570076 0.8218354430379747 0.03197149643705458 0.12381856540084375
0 0.395083135391924 0.8270886075949367 0.03908551068883607 0.1343670886075948
0 0.4378266033254157 0.8228902953586498 0.03671021377672205 0.12592827004219398
0 0.5150237529691211 0.6615400843881857 0.03431116389548692 0.1365611814345992
0 0.5571733966745843 0.6689240506329114 0.033123515439429915 0.1386708860759494
0 0.6005225653206651 0.6741983122362869 0.036674584323040445 0.1365611814345992
0 0.5197743467933491 0.8207805907172996 0.036686460807600935 0.12592827004219398
0 0.5607363420427554 0.804957805907173 0.044999999999999984 0.14069620253164544
0 0.6438717339667458 0.6794725738396624 0.040237529691211534 0.12179324894514772
0 0.683064133016627 0.6668143459915612 0.03785035629453669 0.1218143459915612
0 0.7269952494061758 0.6573206751054852 0.03547505938242267 0.12814345991561182
0 0.7703444180522565 0.6414978902953586 0.02952494061757708 0.13447257383966246
0 0.8095368171021378 0.6467721518987342 0.03663895486935856 0.13236286919831225
0 0.8540617577197149 0.6583755274261603 0.035451306413301555 0.11759493670886077
0 0.6854394299287411 0.8081223628691984 0.03785035629453669 0.13858649789029523
0 0.7281828978622328 0.8028481012658228 0.03785035629453669 0.13227848101265832
0 0.7697505938242281 0.7912447257383967 0.040213776722090144 0.1301687763713081
0 0.8119121140142518 0.794409282700422 0.03663895486935856 0.13227848101265832
0 0.942541567695962 0.7828059071729958 0.04137767220902603 0.1470464135021098