0 0.2429759036144578 0.14409871244635195 0.039686746987951806 0.11991416309012874
0 0.2887469879518072 0.14622317596566523 0.034855421686747 0.12420600858369098
0 0.3586265060240964 0.15373390557939914 0.032433734939758985 0.13064377682403433
0 0.3971807228915663 0.14836909871244636 0.03483132530120478 0.1284978540772532
0 0.4399397590361446 0.16875536480686695 0.03362650602409635 0.12206008583690986
0 0.4887349397590361 0.16553648068669527 0.03481927710843371 0.1284978540772532
0 0.5248795180722892 0.17626609442060087 0.03240963855421684 0.1284978540772532
0 0.5971566265060241 0.16766094420600858 0.037216867469879504 0.13708154506437767
0 0.649566265060241 0.16658798283261803 0.031180722891566398 0.13493562231759657
0 0.694144578313253 0.15800429184549356 0.033578313253011915 0.143519313304721
0 0.7850963855421687 0.15800429184549356 0.04199999999999988 0.13924892703862657
0 0.8272650602409638 0.15585836909871242 0.03716867469879507 0.14783261802575104
0 0.8670120481927711 0.16658798283261803 0.02993975903614447 0.13066523605150213
0 0.9079759036144578 0.16339055793991417 0.03474698795180713 0.12422746781115881
0 0.9435180722891566 0.14515021459227467 0.043180722891566166 0.13924892703862665
0 0.18996385542168673 0.36721030042918457 0.08546987951807229 0.06828326180257509
0 0.4007951807228916 0.35753218884120175 0.03965060240963852 0.13480686695278968
0 0.43572289156626504 0.35538626609442064 0.03483132530120478 0.13051502145922744
0 0.4809036144578313 0.35753218884120175 0.03602409638554214 0.126244635193133
0 0.5260843373493975 0.36718884120171674 0.03481927710843371 0.13266094420600857
0 0.6092048192771085 0.36609442060085834 0.042024096385542234 0.1390987124463519
0 0.6513734939759036 0.3714592274678111 0.03961445783132543 0.12839055793991414
0 0.6917349397590361 0.35321888412017166 0.03839759036144565 0.13053648068669524
0 0.7338915662650602 0.3360729613733906 0.03116867469879505 0.13053648068669524
0 0.780277108433735 0.35324034334763954 0.034771084337349274 0.126244635193133
0 0.8176265060240964 0.34465665236051507 0.03957831325301194 0.13484978540772538
0 0.8603855421686747 0.35321888412017166 0.043192771084337236 0.1262660944206008
0 0.986144578313253 0.34334763948497854 0.027710843373493974 0.12446351931330472
0 0.17851807228915662 0.681480686695279 0.03366265060240964 0.126030042918455
0 0.1743012048192771 0.8187768240343348 0.03486746987951807 0.12594420600858355
0 0.26165060240963856 0.6728969957081545 0.03606024096385543 0.13890557939914167
0 0.34537349397590367 0.696480686695279 0.03484337349397586 0.11315450643776828
0 0.3013975903614458 0.8412875536480687 0.033638554216867456 0.13238197424892692
0 0.39236144578313253 0.6986266094420601 0.037240963855421645 0.12173819742489274
0 0.43271084337349397 0.7029184549356223 0.028807228915662612 0.11315450643776828
0 0.3441686746987952 0.8252145922746781 0.032433734939758985 0.12594420600858355
0 0.3863373493975904 0.8327038626609442 0.03965060240963852 0.13667381974248916
0 0.4309036144578313 0.8370171673819743 0.037240963855421645 0.12809012875536469
0 0.5152409638554216 0.6728969957081545 0.03480722891566263 0.13890557939914167
0 0.5995662650602409 0.6900643776824035 0.037204819277108496 0.13890557939914167
0 0.5152409638554216 0.8370171673819743 0.037216867469879504 0.12809012875536469
0 0.5555903614457831 0.8337982832618026 0.04565060240963854 0.1431115879828325
0 0.6459518072289157 0.6996995708154506 0.04081927710843387 0.12388412017167386
0 0.6833012048192771 0.6954077253218884 0.03839759036144565 0.12390557939914165
0 0.7254578313253012 0.6878969957081545 0.03598795180722878 0.130343347639485
0 0.7658192771084338 0.6760944206008583 0.029951807228915543 0.13678111587982836
0 0.8103975903614458 0.67931330472103 0.03716867469879507 0.13463519313304723
0 0.8531566265060241 0.6996781115879829 0.03596385542168664 0.11961373390557942
0 0.6796867469879518 0.8434334763948498 0.03839759036144565 0.14096566523605136
0 0.7230481927710843 0.8337768240343348 0.03839759036144565 0.13454935622317607
0 0.7652168674698795 0.8198497854077254 0.04079518072289145 0.13240343347639494
0 0.8019638554216867 0.8316309012875537 0.03716867469879507 0.13454935622317607
0 0.9356867469879518 0.8348283261802575 0.04197590361445773 0.14957081545064388
0 0.2562289156626506 0.8348497854077254 0.03244578313253013 0.13236051502145912
0 0.1959879518072289 0.1397854077253219 0.03727710843373494 0.11991416309012874
0 0.5405301204819277 0.5452360515021459 0.06378313253012055 0.11538626609442056