0 0.8198693586698338 0.16168776371308016 0.03437054631828985 0.11156118143459914
0 0.7747387173396675 0.1669620253164557 0.03912114014251788 0.11789029535864978
0 0.7284323040380047 0.15641350210970464 0.03435866983372929 0.1221097046413502
0 0.6583610451306412 0.15957805907172995 0.03197149643705472 0.12843881856540085
0 0.614418052256532 0.15852320675105486 0.03433491686460797 0.12632911392405063
0 0.5734560570071259 0.15746835443037974 0.033147268408551034 0.12
0 0.5229809976247031 0.15430379746835443 0.03432304038004748 0.12632911392405063
0 0.4861638954869359 0.15430379746835443 0.031947743467933463 0.12632911392405063
0 0.41729216152019005 0.14164556962025315 0.036686460807600935 0.13476793248945146
0 0.36919239904988127 0.14270042194092827 0.030736342042755473 0.13265822784810125
0 0.320498812351544 0.12793248945147678 0.03309976247030866 0.1410970464135021
0 0.2332185273159145 0.11949367088607595 0.04140142517814715 0.1368987341772152
0 0.19165083135391925 0.11105485232067511 0.03663895486935856 0.14533755274261606
0 0.15009501187648455 0.11949367088607595 0.02951306413301652 0.12845991561181438
0 0.11209026128266032 0.11424050632911392 0.03425178147268399 0.12213080168776372
0 0.07111638954869358 0.10052742616033755 0.04256532066508304 0.13689873417721518
0 0.8198693586698338 0.3926371308016878 0.08425178147268415 0.0671308016877637
0 0.6619239904988122 0.38521097046413505 0.03434679334916873 0.13668776371308022
0 0.610855106888361 0.3493881856540085 0.039085510688836 0.13253164556962024
0 0.5740498812351544 0.34516877637130805 0.03433491686460804 0.12831223628691982
0 0.5307007125890737 0.33883966244725744 0.03551068883610448 0.12411392405063287
0 0.4849762470308789 0.34411392405063296 0.03432304038004748 0.13042194092827003
0 0.40066508313539195 0.34516877637130805 0.04142517814726854 0.13675105485232067
0 0.3602850356294537 0.3356751054852321 0.03904988123515452 0.1262236286919831
0 0.31574821852731594 0.32618143459915616 0.03785035629453669 0.1283333333333333
0 0.27656769596199526 0.31354430379746834 0.030724465558194646 0.1283333333333333
0 0.2344061757719715 0.3156540084388186 0.03427553444180511 0.12411392405063287
0 0.19402612826603327 0.3008860759493671 0.039014251781472574 0.13257383966244732
0 0.15068883610451306 0.3008860759493671 0.0425771971496436 0.12413502109704648
0 0.025403800475059368 0.28928270042194093 0.03661520190023744 0.12202531645569627
0 0.8169002375296912 0.6973839662447258 0.033182897862232844 0.12390295358649793
0 0.8127434679334917 0.8281434599156119 0.03437054631828985 0.12381856540084375
0 0.7337648456057008 0.6805063291139241 0.0355463182897863 0.1365611814345992
0 0.6524228028503561 0.6910548523206751 0.03434679334916873 0.11124472573839667
0 0.6898337292161519 0.8376371308016878 0.033159144893111725 0.13014767932489438
0 0.603729216152019 0.6847257383966244 0.03671021377672205 0.1196835443037975
0 0.5639548693586699 0.6889451476793249 0.028396674584323003 0.11124472573839667
0 0.6488598574821852 0.8197257383966245 0.03197149643705472 0.12381856540084375
0 0.602541567695962 0.8249789029535866 0.03908551068883607 0.1343670886075948
0 0.5597980997624703 0.8207805907172996 0.03671021377672205 0.12592827004219398
0 0.48260095011876486 0.6594303797468354 0.03431116389548692 0.1365611814345992
0 0.44045130641330166 0.6668143459915612 0.033123515439429915 0.1386708860759494
0 0.3971021377672209 0.6720886075949367 0.03667458432304051 0.1365611814345992
0 0.47785035629453687 0.8186708860759494 0.036686460807600935 0.12592827004219398
0 0.4368883610451307 0.8028481012658228 0.044999999999999984 0.14069620253164544
0 0.3537529691211402 0.6773628691983122 0.040237529691211534 0.12179324894514772
0 0.3145605700712589 0.6647046413502109 0.03785035629453669 0.1218143459915612
0 0.2718171021377672 0.6531012658227848 0.03547505938242267 0.12814345991561182
0 0.2332185273159145 0.6330590717299578 0.02952494061757708 0.13447257383966246
0 0.18808788598574822 0.644662447257384 0.03663895486935856 0.13236286919831225
0 0.14356294536817102 0.6562658227848102 0.035451306413301555 0.11759493670886077
0 0.3121852731591449 0.8060126582278482 0.03785035629453669 0.13858649789029523
0 0.2694418052256532 0.8007383966244725 0.03785035629453669 0.13227848101265832
0 0.22787410926365798 0.7891350210970465 0.040213776722090144 0.1301687763713081
0 0.18571258907363422 0.7922995780590718 0.03663895486935856 0.13227848101265832
0 0.06102137767220902 0.7680379746835443 0.04137767220902603 0.1470464135021098
0 0.7024940617577197 0.9641350210970464 0.06294536817102138 0.07172995780590717