0 0.18164302600472812 0.16521008403361345 0.0342080378250591 0.1110924369747899
0 0.22892434988179666 0.16205882352941176 0.03893617021276596 0.11739495798319327
0 0.27501182033096927 0.1515546218487395 0.03419621749408984 0.12159663865546218
0 0.342387706855792 0.163109243697479 0.03182033096926709 0.12789915966386553
0 0.38612293144208043 0.16205882352941176 0.03417257683215126 0.12579831932773108
0 0.42689125295508273 0.16100840336134453 0.03299054373522455 0.11949579831932772
0 0.47712765957446807 0.15785714285714286 0.034160756501182006 0.12579831932773108
0 0.5137706855791961 0.15785714285714286 0.03179669030732858 0.12579831932773108
0 0.5823167848699763 0.14525210084033613 0.036513002364066176 0.1342016806722689
0 0.6301891252955083 0.14630252100840335 0.030591016548463485 0.13210084033613445
0 0.6786524822695035 0.13159663865546217 0.03294326241134739 0.14050420168067226
0 0.7655200945626478 0.12319327731092437 0.04120567375886513 0.13632352941176473
0 0.8068912529550827 0.11478991596638656 0.03646572104018902 0.14472689075630255
0 0.8482505910165484 0.12319327731092437 0.029373522458628735 0.12792016806722692
0 0.8860756501182033 0.11796218487394958 0.03408983451536633 0.12161764705882352
0 0.9268557919621749 0.10430672268907562 0.04236406619385333 0.1363235294117647
0 0.18637115839243498 0.38468487394957984 0.08385342789598109 0.06684873949579831
0 0.3412056737588653 0.42771008403361344 0.03418439716312052 0.13611344537815132
0 0.39321513002364067 0.3521218487394958 0.038900709219858116 0.13197478991596637
0 0.4298463356973995 0.3479201680672269 0.03417257683215126 0.12777310924369747
0 0.47417257683215125 0.3416176470588236 0.03534278959810872 0.12359243697478989
0 0.5196808510638298 0.34897058823529414 0.034160756501182006 0.12987394957983192
0 0.6035933806146572 0.3479201680672269 0.041229314420803846 0.1361764705882353
0 0.6437825059101655 0.33846638655462186 0.038865248226950484 0.12569327731092433
0 0.6869267139479905 0.3311134453781513 0.03767139479905424 0.12779411764705878
0 0.7271040189125295 0.31642857142857145 0.03057919621749396 0.12779411764705878
0 0.7690661938534279 0.31642857142857145 0.03411347517730485 0.12359243697478989
0 0.8116193853427895 0.3038235294117647 0.03882978723404244 0.13201680672268912
0 0.852387706855792 0.3080252100840336 0.04237588652482259 0.1236134453781513
0 0.9806264775413712 0.2985714285714286 0.0364420803782505 0.12151260504201684
0 0.1845981087470449 0.698655462184874 0.033026004728132385 0.12338235294117651
0 0.1887352245862884 0.8288655462184874 0.0342080378250591 0.12329831932773097
0 0.2673404255319149 0.6818487394957983 0.035378250591016555 0.13598739495798323
0 0.2679314420803782 0.8341176470588235 0.03419621749408984 0.13380252100840323
0 0.3530260047281324 0.6944537815126051 0.03418439716312052 0.11077731092436979
0 0.31106382978723407 0.8383193277310925 0.03300236406619384 0.12960084033613434
0 0.3967612293144208 0.6860504201680673 0.03653664302600469 0.1191806722689076
0 0.4363475177304964 0.6902521008403362 0.028262411347517693 0.11077731092436979
0 0.3518439716312057 0.8204831932773109 0.03182033096926709 0.12329831932773097
0 0.39794326241134753 0.8257142857142857 0.038900709219858116 0.13380252100840323
0 0.44048463356973994 0.8215336134453782 0.03653664302600469 0.12539915966386542
0 0.5173167848699763 0.6608613445378151 0.03414893617021275 0.13598739495798323
0 0.5592671394799055 0.6682142857142856 0.032966903073286036 0.13808823529411768
0 0.6024113475177305 0.6734663865546219 0.03650118203309699 0.13598739495798323
0 0.5220449172576832 0.8194327731092437 0.036513002364066176 0.12539915966386542
0 0.5628132387706856 0.8036764705882353 0.04478723404255318 0.1401050420168066
0 0.6455555555555555 0.678718487394958 0.0400472813238772 0.12128151260504205
0 0.6845626477541371 0.6661134453781512 0.03767139479905424 0.12130252100840339
0 0.7282860520094563 0.6566596638655462 0.03530732860520082 0.12760504201680675
0 0.7714302600472813 0.6409033613445378 0.02938534278959799 0.1339075630252101
0 0.8104373522458629 0.646155462184874 0.03646572104018902 0.13180672268907564
0 0.8547517730496454 0.6577100840336134 0.0352836879432623 0.11710084033613448
0 0.6869267139479905 0.806827731092437 0.03767139479905424 0.13800420168067215
0 0.729468085106383 0.8015756302521009 0.03767139479905424 0.13172268907563034
0 0.7708392434988179 0.7900210084033613 0.04002364066193841 0.1296218487394959
0 0.8128014184397163 0.7931722689075631 0.03646572104018902 0.13172268907563034
0 0.9428132387706856 0.7816176470588235 0.04118203309692662 0.14642857142857152