0 0.25020094562647754 0.15157563025210086 0.03893617021276596 0.11739495798319327
0 0.29392434988179666 0.1515546218487395 0.03419621749408984 0.12159663865546218
0 0.3624822695035461 0.163109243697479 0.03182033096926709 0.12789915966386553
0 0.40621749408983454 0.16626050420168068 0.03417257683215126 0.12579831932773108
0 0.44816784869976356 0.17151260504201682 0.03299054373522455 0.11949579831932772
0 0.4924940898345153 0.16626050420168068 0.034160756501182006 0.12579831932773108
0 0.5303191489361702 0.1788655462184874 0.03179669030732858 0.12579831932773108
0 0.6000472813238771 0.17884453781512605 0.036513002364066245 0.1342016806722689
0 0.647919621749409 0.18409663865546216 0.030591016548463485 0.13210084033613445
0 0.6975650118203309 0.17989495798319327 0.03294326241134739 0.14050420168067226
0 0.7797044917257683 0.17569327731092435 0.04120567375886513 0.13632352941176468
0 0.8210756501182033 0.17149159663865546 0.03646572104018902 0.1447268907563025
0 0.8612529550827424 0.17779411764705882 0.029373522458628735 0.12792016806722686
0 0.9026241134751773 0.19144957983193275 0.03408983451536633 0.12161764705882351
0 0.9422222222222222 0.18409663865546216 0.04236406619385333 0.13632352941176468
0 0.19464539007092196 0.3657983193277311 0.08385342789598109 0.06684873949579831
0 0.4014893617021277 0.35632352941176476 0.038900709219858116 0.13197478991596637
0 0.4357565011820331 0.35422268907563026 0.03417257683215126 0.12777310924369747
0 0.4800827423167848 0.35632352941176476 0.03534278959810872 0.12359243697478989
0 0.5244089834515366 0.36577731092436977 0.034160756501182006 0.12987394957983192
0 0.6047754137115839 0.3815126050420168 0.041229314420803846 0.1361764705882353
0 0.6473286052009456 0.3699579831932773 0.038865248226950484 0.12569327731092433
0 0.689290780141844 0.3626050420168067 0.03767139479905424 0.12779411764705878
0 0.7341962174940898 0.3626260504201681 0.03057919621749396 0.12779411764705878
0 0.7749763593380614 0.36472689075630255 0.03411347517730485 0.12359243697478989
0 0.813983451536643 0.3626050420168067 0.03882978723404244 0.13201680672268903
0 0.8559338061465721 0.37521008403361344 0.04237588652482259 0.12361344537815121
0 0.9828605200945626 0.3802521008403361 0.034278959810874705 0.12184873949579832
0 0.1834160756501182 0.6734663865546219 0.033026004728132385 0.12338235294117651
0 0.1792789598108747 0.8078781512605042 0.0342080378250591 0.12329831932773097
0 0.26497635933806146 0.665063025210084 0.035378250591016555 0.13598739495798323
0 0.34711583924349887 0.6881512605042017 0.03418439716312052 0.11077731092436979
0 0.3039716312056738 0.8299159663865546 0.03300236406619384 0.12960084033613434
0 0.39321513002364067 0.6902521008403362 0.03653664302600469 0.1191806722689076
0 0.4328014184397163 0.6944537815126051 0.028262411347517693 0.11077731092436979
0 0.34593380614657215 0.8141806722689076 0.03182033096926709 0.12329831932773097
0 0.38730496453900715 0.8215126050420168 0.038900709219858116 0.13380252100840323
0 0.4310283687943262 0.8257352941176471 0.03653664302600469 0.12539915966386542
0 0.5137706855791961 0.665063025210084 0.03414893617021275 0.13598739495798323
0 0.5521749408983452 0.6703151260504202 0.032966903073286036 0.13808823529411768
0 0.5965011820330969 0.6944747899159663 0.03650118203309699 0.13598739495798323
0 0.5137706855791961 0.8257352941176471 0.036513002364066176 0.12539915966386542
0 0.5533569739952718 0.8225840336134455 0.04478723404255318 0.1401050420168066
0 0.6408274231678487 0.708109243697479 0.0400472813238772 0.12128151260504205
0 0.6786524822695035 0.6955042016806723 0.03767139479905424 0.12130252100840339
0 0.7200118203309692 0.6923529411764706 0.03530732860520082 0.12760504201680675
0 0.7596099290780142 0.685 0.02938534278959799 0.1339075630252101
0 0.8033451536643026 0.6881512605042017 0.03646572104018902 0.13180672268907564
0 0.8476595744680852 0.7101890756302521 0.0352836879432623 0.11710084033613448
0 0.6751063829787234 0.8320168067226891 0.03767139479905424 0.13800420168067215
0 0.7152836879432624 0.8393697478991597 0.03767139479905424 0.13172268907563034
0 0.7602009456264776 0.8278151260504202 0.04002364066193841 0.1296218487394959
0 0.7962529550827423 0.8435714285714286 0.03646572104018902 0.13172268907563034
0 0.928628841607565 0.8403991596638655 0.04118203309692662 0.14642857142857152
0 0.2596572104018912 0.8236134453781513 0.031832151300236415 0.129579831932773
0 0.3817966903073286 0.9726890756302521 0.08037825059101655 0.0546218487394958
0 0.2041016548463357 0.14525210084033613 0.036572104018912525 0.11739495798319327
0 0.7588652482269503 0.037815126050420166 0.037825059101654845 0.07563025210084033